1 12000 0 -1
1 17500 12000 0
2 12000 0 -1
2 17500 12000 0
3 12000 0 -1
3 17500 12000 0
4 12000 0 -1
4 17500 12000 0
5 12000 0 -1
5 15000 10000 0
6 12000 0 -1
6 17500 12000 0
7 12000 0 -1
7 17500 12000 0
8 10000 0 -1
8 15000 10000 0
9 12000 0 -1
9 17500 12000 0
10 12000 0 -1
10 17500 12000 0
11 12000 0 -1
11 17500 12000 0
12 10000 0 -1
12 17500 10000 0
13 10000 0 -1
13 17500 10000 0
14 12000 0 -1
14 17500 12000 0
15 15000 0 -1
15 20000 15000 0
16 10000 0 -1
16 15000 10000 0
17 10000 0 -1
17 15000 10000 0
18 15000 0 -1
18 20000 15000 0
19 12000 0 -1
19 17500 12000 0
20 12000 0 -1
20 17500 12000 0
21 10000 0 -1
21 15000 10000 0
22 10000 0 -1
22 15000 10000 0
23 10000 0 -1
23 15000 10000 0
24 10000 0 -1
24 15000 10000 0
25 12000 0 -1
25 17500 12000 0
26 10000 0 -1
26 15000 10000 0
27 10000 0 -1
27 15000 10000 0
28 10000 0 -1
28 15000 10000 0
29 10000 0 -1
29 15000 10000 0
30 10000 0 -1
30 15000 10000 0
31 10000 0 -1
31 15000 10000 0
32 12000 0 -1
32 17500 12000 0
33 12000 0 -1
33 17500 12000 0
34 12000 0 -1
34 17500 12000 0
35 10000 0 -1
35 15000 10000 0
36 10000 0 -1
36 15000 10000 0
37 10000 0 -1
37 15000 10000 0
38 10000 0 -1
38 15000 10000 0
39 10000 0 -1
39 15000 10000 0
40 10000 0 -1
40 15000 10000 0
41 10000 0 -1
41 15000 10000 0
42 10000 0 -1
42 15000 10000 0
43 10000 0 -1
43 15000 10000 0
44 10000 0 -1
44 15000 10000 0
45 10000 0 -1
45 15000 10000 0
46 10000 0 -1
46 15000 10000 0
47 10000 0 -1
47 15000 10000 0
48 10000 0 -1
48 15000 10000 0
49 10000 0 -1
49 15000 10000 0
50 10000 0 -1
50 15000 10000 0
51 10000 0 -1
51 15000 10000 0
52 10000 0 -1
52 15000 10000 0
53 12000 0 -1
53 17500 12000 0
54 10000 0 -1
54 15000 10000 0
55 12000 0 -1
55 17500 10000 0
56 12000 0 -1
56 17500 12000 0
57 12000 0 -1
57 17500 12000 0
58 15000 0 -1
58 20000 15000 0
59 12000 0 -1
59 17500 12000 0
60 12000 0 -1
60 17500 12000 0
61 10000 0 -1
61 15000 10000 0
62 10000 0 -1
62 15000 10000 0
63 10000 0 -1
63 15000 10000 0
64 10000 0 -1
64 15000 10000 0
65 10000 0 -1
65 15000 10000 0
66 10000 0 -1
66 15000 10000 0
67 10000 0 -1
67 15000 10000 0
68 10000 0 -1
68 15000 10000 0
69 10000 0 -1
69 15000 10000 0
70 10000 0 -1
70 15000 10000 0
71 10000 0 -1
71 15000 10000 0
72 10000 0 -1
72 15000 10000 0
73 10000 0 -1
73 15000 10000 0
74 15000 0 -1
74 18000 15000 0
75 15000 0 -1
75 18000 15000 0
76 15000 0 -1
76 18000 15000 0
77 15000 0 -1
77 18000 15000 0
78 15000 0 -1
78 18000 15000 0
79 15000 0 -1
79 18000 15000 0
80 15000 0 -1
80 18000 15000 0
81 17000 0 -1
81 19000 17000 0
82 17000 0 -1
82 19000 17000 0
83 17000 0 -1
83 15000 10000 0
84 15000 0 -1
84 18000 15000 0
85 15000 0 -1
85 18000 15000 0
86 15000 0 -1
86 18000 15000 0
87 15000 0 -1
87 18000 15000 0
88 12000 0 -1
88 17500 12000 0
89 12000 0 -1
89 17500 12000 0
90 12000 0 -1
90 17500 12000 0
91 15000 0 -1
91 18000 15000 0
92 12000 0 -1
92 17500 12000 0
93 10000 0 -1
93 15000 10000 0
94 10000 0 -1
94 15000 10000 0
95 10000 0 -1
95 15000 10000 0
96 10000 0 -1
96 15000 10000 0
97 10000 0 -1
97 15000 10000 0
98 12000 0 -1
98 17500 12000 0
99 12000 0 -1
99 17500 12000 0
100 12000 0 -1
100 17500 12000 0
101 12000 0 -1
101 17500 12000 0
102 12000 0 -1
102 17500 12000 0
103 10000 0 -1
103 15000 10000 0
104 10000 0 -1
104 15000 10000 0
105 12000 0 -1
105 17500 12000 0
106 12000 0 -1
106 17500 12000 0
107 12000 0 -1
107 17500 12000 0
108 12000 0 -1
108 17500 12000 0
109 12000 0 -1
109 17500 12000 0
110 10000 0 -1
110 15000 10000 0
111 12000 0 -1
111 17500 12000 0
112 10000 0 -1
112 16000 10000 0
113 10000 0 -1
113 15000 10000 0
114 10000 0 -1
114 15000 10000 0
115 12000 0 -1
115 17500 12000 0
116 12000 0 -1
116 17500 12000 0
117 12000 0 -1
117 17500 12000 0
118 12000 0 -1
118 17500 12000 0
119 12000 0 -1
119 17500 12000 0
120 12000 0 -1
120 17500 12000 0
121 10000 0 -1
121 15000 10000 0
122 10000 0 -1
122 15000 10000 0
123 12000 0 -1
123 17500 12000 0
124 12000 0 -1
124 17500 12000 0
125 12000 0 -1
125 17500 12000 0
126 12000 0 -1
126 17500 12000 0
127 12000 0 -1
127 17500 12000 0
128 12000 0 -1
128 17500 12000 0
129 12000 0 -1
129 17500 12000 0
130 12000 0 -1
130 17500 12000 0
131 12000 0 -1
131 17500 12000 0
132 12000 0 -1
132 17500 12000 0
133 12000 0 -1
133 17500 12000 0
134 15000 0 -1
134 18000 15000 0
135 10000 0 -1
135 15000 10000 0
136 10000 0 -1
136 15000 10000 0
137 15000 0 -1
137 18000 15000 0
138 15000 0 -1
138 18000 15000 0
139 15000 0 -1
139 18000 15000 0
140 18000 0 -1
140 18000 15000 0
141 12000 0 -1
141 17500 12000 0
142 12000 0 -1
142 17500 12000 0
143 10000 0 -1
143 15000 10000 0
144 10000 0 -1
144 15000 10000 0
145 12000 0 -1
145 17500 12000 0
146 10000 0 -1
146 15000 10000 0
147 12000 0 -1
147 17500 12000 0
148 15000 0 -1
148 18000 15000 0
149 15000 0 -1
149 18000 15000 0
150 15000 0 -1
150 18000 15000 0
151 15000 0 -1
151 18000 15000 0
152 15000 0 -1
152 15000 10000 0
153 10000 0 -1
153 15000 10000 0
154 10000 0 -1
155 10000 0 -1
156 10000 0 -1
157 10000 0 -1
158 10000 0 -1
159 12000 0 -1
159 17500 12000 0
