1 10000
2 10000
3 30000
4 25000
5 25000
6 12500
7 5000
8 30000
9 30000
10 5000
11 5000
12 5000
13 10000
14 5000
15 10000
16 45000
17 50000
18 5000
19 5000
20 10000
21 45000
22 50000
23 10000
24 10000
25 10000
26 10000
27 30000
28 55000
29 65000
30 5000
31 5000
32 5000
33 5000
34 5000
35 5000
36 15000
37 20000
38 50000
39 50000
40 45000
41 30000
42 30000
43 50000
44 50000
45 35000
46 10000
47 20000
48 10000
49 20000
50 10000
51 20000
52 10000
53 5000
54 10000
55 5000
56 10000
57 5000
58 5000
59 10000
60 10000
61 10000
62 20000
63 10000
64 10000
65 10000
66 25000
67 50000
68 25000
69 35000
70 50000
71 20000
72 20000
73 15000
74 12500
75 12500
76 12500
77 30000
78 12500
79 12500
80 12500
81 10000
82 35000
83 12500
84 12500
85 12500
86 12500
87 15000
88 25000
89 30000
90 50000
91 10000
92 45000
93 50000
94 65000
95 45000
96 45000
97 65000
98 45000
99 35000
100 45000
101 35000
102 50000
103 50000
104 50000
105 35000
106 45000
107 35000
108 45000
109 45000
110 45000
111 45000
112 35000
113 50000
114 45000
115 35000
116 40000
117 40000
118 35000
119 40000
120 35000
121 50000
122 50000
123 50000
124 35000
125 25000
126 45000
127 35000
128 50000
129 50000
130 10000
131 10000
132 10000
133 20000
134 12500
135 50000
136 50000
137 15000
138 25000
139 25000
140 25000
141 25000
142 10000
143 20000
144 5000
145 5000
146 5000
147 5000
148 20000
149 30000
150 10000
151 10000
152 10000
153 20000
154 20000
155 10000
156 20000
157 10000
158 50000
159 10000
