1 20000
2 20000
3 60000
4 50000
5 50000
6 25000
7 35000
8 60000
9 60000
10 30000
11 25000
12 30000
13 20000
14 25000
15 20000
16 90000
17 130000
18 40000
19 30000
20 60000
21 90000
22 130000
23 50000
24 40000
25 20000
26 20000
27 60000
28 110000
29 130000
30 40000
31 40000
32 25000
33 40000
34 30000
35 50000
36 30000
37 40000
38 110000
39 130000
40 90000
41 60000
42 60000
43 110000
44 110000
45 70000
46 20000
47 70000
48 70000
49 70000
50 70000
51 70000
52 60000
53 40000
54 70000
55 50000
56 40000
57 40000
58 60000
59 70000
60 40000
61 70000
62 130000
63 70000
64 50000
65 110000
66 50000
67 110000
68 50000
69 70000
70 110000
71 40000
72 40000
73 30000
74 25000
75 25000
76 25000
77 60000
78 25000
79 25000
80 25000
81 25000
82 70000
83 25000
84 25000
85 25000
86 25000
87 30000
88 50000
89 60000
90 100000
91 70000
92 90000
93 100000
94 130000
95 90000
96 90000
97 130000
98 90000
99 70000
100 90000
101 70000
102 130000
103 130000
104 130000
105 70000
106 90000
107 70000
108 90000
109 90000
110 90000
111 90000
112 70000
113 130000
114 90000
115 70000
116 80000
117 80000
118 70000
119 80000
120 70000
121 100000
122 130000
123 100000
124 70000
125 50000
126 90000
127 70000
128 130000
129 130000
130 80000
131 70000
132 70000
133 40000
134 25000
135 110000
136 110000
137 30000
138 50000
139 50000
140 50000
141 50000
142 70000
143 110000
144 70000
145 80000
146 60000
147 80000
148 40000
149 60000
150 70000
151 50000
152 70000
153 110000
154 70000
155 50000
156 110000
157 50000
158 110000
159 70000
