Put the file containing the deformation and sea level change in this directory. It should be a text file formatted like this:

time (ka)     longitude (degrees east)     latitude (degrees north)     elevation_relative_to_present (m)


e.g.:





    0.0000     0.0000   -90.0000    -0.0000
    2.5000     0.0000   -90.0000   -10.7491
    5.0000     0.0000   -90.0000    -8.2493
    7.5000     0.0000   -90.0000   -10.7766
   10.0000     0.0000   -90.0000   -32.9032
   12.5000     0.0000   -90.0000   -56.1484
   15.0000     0.0000   -90.0000   -82.8852
   17.5000     0.0000   -90.0000  -110.3868
   20.0000     0.0000   -90.0000  -120.7149
   22.5000     0.0000   -90.0000  -115.4671
   25.0000     0.0000   -90.0000   -99.5240
   27.5000     0.0000   -90.0000   -79.6223
   30.0000     0.0000   -90.0000   -58.4994
   32.5000     0.0000   -90.0000   -46.7954
   35.0000     0.0000   -90.0000   -42.5162
   37.5000     0.0000   -90.0000   -38.7252
   40.0000     0.0000   -90.0000   -29.0874
   42.5000     0.0000   -90.0000   -25.6402
   45.0000     0.0000   -90.0000   -39.7163
   47.5000     0.0000   -90.0000   -43.6205
   50.0000     0.0000   -90.0000   -38.9417
   52.5000     0.0000   -90.0000   -49.1635
   55.0000     0.0000   -90.0000   -59.4510
   57.5000     0.0000   -90.0000   -66.1796
   60.0000     0.0000   -90.0000   -76.3621
   62.5000     0.0000   -90.0000   -68.5983
   65.0000     0.0000   -90.0000   -48.4099
   67.5000     0.0000   -90.0000   -36.4276
   70.0000     0.0000   -90.0000   -28.1609
   72.5000     0.0000   -90.0000   -21.6816
   75.0000     0.0000   -90.0000   -13.9548
   77.5000     0.0000   -90.0000    -9.9129
   80.0000     0.0000   -90.0000   -11.4953

