           1       20000
           2       80000
           3       30000
           4       80000
           5      150000
           6      150000
           7      150000
           8       50000
           9       40000
          10       80000
          11      150000
          12      100000
          13       50000
          14      100000
          15       80000
          16      150000
          17      150000
          18      150000
          19       60000
          20       40000
          21        5000
          22       10000
          23      150000
          24      100000
          25       80000
          26       30000
          27       80000
          28       30000
          29      100000
          30       80000
          31      150000
          32       40000
          33       30000
          34       80000
          35       50000
          36       30000
          37      150000
          38      120000
          39       30000
          40      120000
          41       30000
          42      120000
          43      120000
          44      150000
