8 22000 30000 5000
1 10000 0 -1
2 7000 0 -1
2 9500 7000 80000
3 7000 0 -1
3 14000 7000 5000
4 12000 0 -1
4 17000 12000 0
5 12000 0 -1
5 17500 12000 5000
6 13000 0 -1
6 18000 13000 0
7 9500 0 -1
8 14000 0 -1
8 18000 14000 10000
9 12000 0 -1
9 18000 12000 5000
10 12500 0 -1
10 18000 12500 5000
11 10000 0 -1
11 16000 10000 5000
12 12500 0 -1
12 15000 12500 10000
13 14000 0 -1
14 12500 0 -1
14 15000 12500 15000
15 8000 0 -1
15 12000 8000 5000
16 8000 0 -1
16 14000 8000 5000
17 8000 0 -1
17 14000 8000 5000
18 8000 0 -1
18 14000 8000 5000
19 7500 0 -1
19 13000 7500 5000
20 7500 0 -1
20 18000 7500 5000
21 8000 0 -1
21 20000 24000 0
21 18000 14000 5000
22 14000 7500 5000
22 7500 0 -1
23 7500 0 -1
23 12000 7500 5000
24 8000 0 -1
24 18000 8000 5000
25 8500 0 -1
25 11000 8500 5000
26 9500 0 -1
26 15000 9500 5000
27 8000 0 -1
27 11000 8000 5000
28 12500 0 -1
29 14000 0 -1
29 18000 14000 5000
30 14000 0 -1
31 15000 0 -1
32 12000 0 -1
32 16000 12000 40000
33 14000 0 -1
34 12000 0 -1
34 18000 12000 5000
35 11000 0 -1
35 18000 11000 5000
36 11000 0 -1
36 16000 11000 5000
37 8000 0 -1
37 17000 8000 5000
38 8000 0 -1
38 17000 8000 5000
39 7000 0 -1
39 17000 7000 5000
40 7500 0 -1
40 17000 7500 5000
41 10500 0 -1
41 14000 10500 15000
42 12500 0 -1
42 17000 12500 8000
43 12500 0 -1
43 16000 12500 40000
44 14000 0 -1
45 12500 0 -1
46 11000 0 -1
47 8000 0 -1
47 11000 8000 5000
48 13000 8000 5000
48 8000 0 -1
49 9000 0 -1
49 9500 9000 80000
50 9000 0 -1
50 9500 9000 80000
51 11000 8000 5000
51 8000 0 -1
52 15000 8500 5000
52 8500 0 -1
53 8000 0 -1
53 14000 8000 5000
54 8000 0 -1
54 16000 8000 5000
56 11000 8000 5000
56 8000 0 -1
57 9500 9000 80000
57 9000 0 -1
58 17000 0 -1
58 20000 17000 12000
59 14000 0 -1
59 18000 14000 5000
60 16000 0 -1
60 18000 16000 5000
61 16000 0 -1
61 18000 16000 5000
62 15000 0 -1
63 9500 0 -1
63 11000 9500 18000
64 11000 8000 5000
64 8000 0 -1
65 12500 0 -1
65 16000 12500 20000
66 9500 0 -1
66 14000 9500 20000
67 15000 0 -1
67 18000 15000 5000
68 11000 0 -1
69 14000 0 -1
69 15000 14000 5000
70 9000 0 -1
70 15000 9000 5000
71 9500 0 -1
71 11000 9500 20000
72 9500 0 -1
72 15000 9500 5000
73 7000 0 -1
73 11000 7000 10000
74 7500 0 -1
74 14000 7500 5000
75 7500 0 -1
75 10000 7500 5000
76 8000 0 -1
76 17000 8000 5000
77 8000 0 -1
77 13000 8000 5000
78 8500 0 -1
78 12000 8500 5000
79 8000 0 -1
79 15000 8000 5000
80 9500 0 -1
80 12000 9500 5000
81 9000 0 -1
81 12000 9000 8000
82 11000 0 -1
82 17000 11000 6000
83 9500 0 -1
83 14000 9500 5000
84 9500 0 -1
85 12000 0 -1
85 14000 12000 5000
86 13500 0 -1
87 9000 0 -1
87 10500 9000 5000
88 8000 0 -1
88 10500 8000 5000
89 10500 0 -1
89 16000 10500 5000
90 8000 0 -1
90 18000 8000 5000
91 8000 0 -1
91 20000 24000 0
91 18000 14000 0
91 14000 0 -1
92 8000 0 -1
92 18000 8000 5000
94 12000 0 -1
93 16000 12000 40000
94 16000 12000 40000
117 9500 0 -1
155 9500 0 -1
159 11000 0 -1
162 9500 0 -1
163 13000 0 -1
164 11000 0 -1
168 9500 0 -1
205 6000 0 -1
206 11000 0 -1
207 11000 0 -1
213 8000 0 -1
213 14000 8000 5000
214 8000 0 -1
214 14000 8000 5000
212 12000 0 -1
212 18000 12000 5000
