1 60000
2 80000
3 20000
4 5000
5 20000
6 5000
7 10000
8 5000
15 5000
16 20000
17 20000
18 20000
19 20000
20 20000
21 5000
22 30000
23 10000
24 5000
25 15000
26 5000
          32       32000
37 5000
38 20000
39 20000
40 30000
          43       32000
          49       78021
50 50000
53 10000
          56       80000
59 5000
60 5000
61 5000
66 10000
69 20000
73 20000
75 10000
74 10000
75 20000
76 30000
77 5000
78 5000
80 20000
83 5000
85 5000
90 10000
91 5000
92 5000
93 32000
94 32000
84 5000
89 5000
         100       80000
212 5000
213 10000
214 5000
