           1      100000
           2      100000
           3       60000
           4       35000
           5      100000
           6       35000
           7      100000
           8       30000
           9       30000
          10       30000
          11       20000
          12       20000
          13        1000
          14       20000
          15       27000
          16       60000
          17       60000
          18       60000
          19       60000
          20       10000
          21        9000
          22       60000
          23       41000
          24       14000
          25       27000
          26       20000
          27       50000
          28        2000
          29       25000
          30        5000
          31        1000
          32      100000
          33        5000
          34       30000
          35       30000
          36       45000
          37       90000
          38       90000
          39       90000
          40       90000
          41       50000
          42       53000
          43      100000
          44        5000
          45        5000
          46        5000
          47        5000
          48        5000
          49      100000
          50      100000
          51        5000
          52        5000
          53       40000
          54       15000
          55        5000
          56       35000
          57        5000
          58       25000
          59       35000
          60       15000
          61       15000
          62        1000
          63       25000
          64       25000
          65       44000
          66       50000
          67       20000
          68       30000
          69       20000
          70       40000
          71       30000
          72       40000
          73       40000
          74       41000
          75       40000
          76       90000
          77       29000
          78       40000
          79       40000
          80       20000
          81       50000
          82       44000
          83       20000
          84        5000
          85       20000
          86       15000
          87       15000
          88       15000
          89       30000
          90       14000
          91        9000
          92       14000
          93      100000
          94      100000
          95      100000
          96      100000
          97      120000
          98      120000
          99      100000
         100      100000
         101      130000
         102      120000
         103       50000
         104      110000
         105      110000
         106      110000
         107      100000
         108      100000
         109      100000
         110      100000
         111       90000
         112      100000
         113       90000
         114       80000
         115      130000
         116      100000
         117      100000
         118       90000
         119       50000
         120       70000
         121      100000
         122       50000
         123      120000
         124      110000
         125       90000
         126      100000
         127      150000
         128        5000
         129       60000
         130       90000
         131      110000
         132      110000
         133      120000
         134      140000
         135       90000
         136       90000
         137      140000
         138      150000
         139      140000
         140      150000
         141      100000
         142      160000
         143       80000
         144       50000
         145      120000
         146       50000
         147       90000
         148      120000
         149      100000
         150      100000
         151      140000
         152      150000
         153       80000
         154      100000
         155      120000
         156      120000
         157      180000
         158      150000
         159       50000
         160      180000
         161      160000
         162        5000
         163        5000
         164        5000
         165        5000
         166        5000
         167        5000
         168        5000
         169        5000
         170      120000
         171      120000
         172      130000
         173       90000
         174       90000
         175       80000
         176      100000
         177       60000
         178      100000
         179      180000
         180      160000
         181       80000
         182       60000
         183      100000
         184      150000
         185      120000
         186      150000
         187       90000
         188       50000
         189       50000
         190       60000
         191      100000
         192      120000
         193       60000
         194      140000
         195       80000
         196       90000
         197       80000
         198       60000
         199       60000
         200       80000
         201      140000
         202       60000
         203       90000
         204      100000
         205       80000
         206        5000
         207        5000
         208      100000
         209      110000
         210      100000
         211      100000
