1 10000 0 -1
2 30000 20000 0
2 10000 20000 0
2 10000 0 -1
2 10000 0 -1
3 10000 0 -1
4 10000 0 -1
5 10000 0 -1
6 10000 0 -1
7 10000 0 -1
8 10000 0 -1
9 10000 0 -1
10 10000 0 -1
11 10000 0 -1
12 10000 0 -1
13 10000 0 -1
14 10000 0 -1
15 10000 0 -1
16 10000 0 -1
17 10000 0 -1
18 10000 0 -1
19 10000 0 -1
20 10000 0 -1
21 10000 0 -1
22 10000 0 -1
23 10000 0 -1
24 10000 0 -1
25 10000 0 -1
26 10000 0 -1
27 10000 0 -1
28 10000 0 -1
29 10000 0 -1
30 10000 0 -1
31 10000 0 -1
32 10000 0 -1
33 10000 0 -1
35 10000 0 -1
36 10000 0 -1
37 10000 0 -1
38 10000 0 -1
39 10000 0 -1
40 10000 0 -1
41 10000 0 -1
42 10000 0 -1
43 10000 0 -1
44 10000 0 -1
45 10000 0 -1
46 10000 0 -1
47 10000 0 -1
48 10000 0 -1
50 10000 0 -1
51 10000 0 -1
52 10000 0 -1
53 10000 0 -1
54 10000 0 -1
55 10000 0 -1
56 10000 0 -1
57 10000 0 -1
58 10000 0 -1
59 10000 0 -1
60 10000 0 -1
61 10000 0 -1
63 10000 0 -1
64 10000 0 -1
66 10000 0 -1
67 10000 0 -1
68 10000 0 -1
69 10000 0 -1
70 10000 0 -1
70 10000 0 -1
71 10000 0 -1
73 10000 0 -1
74 10000 0 -1
75 10000 0 -1
77 10000 0 -1
78 10000 0 -1
79 10000 0 -1
80 10000 0 -1
81 10000 0 -1
83 10000 0 -1
84 10000 0 -1
85 10000 0 -1
86 10000 0 -1
87 10000 0 -1
90 10000 0 -1
91 10000 0 -1
92 10000 0 -1
93 10000 0 -1
94 10000 0 -1
95 10000 0 -1
96 10000 0 -1
97 10000 0 -1
98 10000 0 -1
99 10000 0 -1
100 10000 0 -1
101 10000 0 -1
102 10000 0 -1
103 10000 0 -1
104 10000 0 -1
105 10000 0 -1
106 10000 0 -1
107 10000 0 -1
108 10000 0 -1
109 10000 0 -1
110 10000 0 -1
111 10000 0 -1
112 10000 0 -1
113 10000 0 -1
114 10000 0 -1
115 10000 0 -1
117 10000 0 -1
118 10000 0 -1
119 10000 0 -1
120 10000 0 -1
122 10000 0 -1
126 10000 0 -1
127 10000 0 -1
128 10000 0 -1
129 10000 0 -1
130 10000 0 -1
131 10000 0 -1
132 10000 0 -1
133 10000 0 -1
134 10000 0 -1
135 10000 0 -1
136 10000 0 -1
137 10000 0 -1
138 10000 0 -1
139 10000 0 -1
140 10000 0 -1
141 10000 0 -1
142 10000 0 -1
143 10000 0 -1
144 10000 0 -1
145 10000 0 -1
146 10000 0 -1
147 10000 0 -1
148 10000 0 -1
149 10000 0 -1
150 10000 0 -1
151 10000 0 -1
152 10000 0 -1
153 10000 0 -1
154 10000 0 -1
155 10000 0 -1
156 10000 0 -1
157 10000 0 -1
158 10000 0 -1
159 10000 0 -1
161 10000 0 -1
162 10000 0 -1
163 10000 0 -1
165 10000 0 -1
166 10000 0 -1
167 10000 0 -1
168 10000 0 -1
169 10000 0 -1
170 10000 0 -1
172 10000 0 -1
173 10000 0 -1
174 10000 0 -1
175 10000 0 -1
176 10000 0 -1
177 10000 0 -1
178 10000 0 -1
179 10000 0 -1
181 10000 0 -1
182 10000 0 -1
183 10000 0 -1
184 10000 0 -1
185 10000 0 -1
186 10000 0 -1
187 10000 0 -1
189 10000 0 -1
189 10000 0 -1
190 10000 0 -1
191 10000 0 -1
192 10000 0 -1
194 10000 0 -1
195 10000 0 -1
197 10000 0 -1
198 10000 0 -1
199 10000 0 -1
200 10000 0 -1
201 10000 0 -1
202 10000 0 -1
203 10000 0 -1
204 10000 0 -1
205 10000 0 -1
206 10000 0 -1
207 10000 0 -1
208 10000 0 -1
209 10000 0 -1
210 10000 0 -1
211 10000 0 -1
212 10000 0 -1
213 10000 0 -1
214 10000 0 -1
215 10000 0 -1
216 10000 0 -1
217 10000 0 -1
218 15000 10000 0
218 10000 0 -1
220 15000 10000 0
220 10000 0 -1
221 15000 10000 0
221 10000 0 -1
222 15000 10000 0
222 10000 0 -1
223 10000 0 -1
224 15000 10000 0
224 10000 0 -1
225 15000 10000 0
225 10000 0 -1
226 15000 10000 0
226 10000 0 -1
227 15000 10000 0
227 10000 0 -1
228 15000 10000 0
228 10000 0 -1
229 15000 10000 0
229 10000 0 -1
230 15000 10000 0
230 10000 0 -1
231 15000 10000 0
231 10000 0 -1
232 15000 10000 0
232 10000 0 -1
233 10000 0 -1
234 15000 10000 0
234 10000 0 -1
235 10000 0 -1
236 15000 10000 0
236 10000 0 -1
237 15000 10000 0
237 10000 0 -1
238 15000 10000 0
238 10000 0 -1
239 10000 0 -1
239 15000 10000 0 
240 10000 0 -1
241 15000 10000 0
241 10000 0 -1
243 15000 10000 0
243 10000 0 -1
244 15000 10000 0
244 10000 0 -1
245 15000 10000 0
245 10000 0 -1
246 10000 0 -1
247 10000 0 -1
248 10000 0 -1
249 10000 0 -1
250 10000 0 -1
251 10000 0 -1
252 10000 0 -1
253 10000 0 -1
254 10000 0 -1
255 10000 0 -1
256 10000 0 -1
257 10000 0 -1
258 10000 0 -1
259 10000 0 -1
260 10000 0 -1
261 10000 0 -1
262 10000 0 -1
263 15000 10000 0
263 10000 0 -1
264 15000 10000 0
264 10000 0 -1
265 10000 0 -1
266 10000 0 -1
267 10000 0 -1
268 10000 0 -1
269 10000 0 -1
270 10000 0 -1
271 10000 0 -1
272 10000 0 -1
273 10000 0 -1
274 10000 0 -1
275 10000 0 -1
276 10000 0 -1
277 10000 0 -1
278 10000 0 -1
279 10000 0 -1
280 10000 0 -1
281 10000 0 -1
282 10000 0 -1
283 30000 20000 0
284 10000 20000 0
283 10000 0 -1
284 30000 20000 0
284 10000 20000 0
284 10000 0 -1
285 10000 0 -1
286 10000 0 -1
287 10000 0 -1
288 10000 0 -1
289 10000 0 -1
290 10000 0 -1
291 10000 0 -1
292 10000 0 -1
293 10000 0 -1
294 10000 0 -1
295 10000 0 -1
296 10000 0 -1
297 10000 0 -1
298 10000 0 -1
299 10000 0 -1
300 10000 0 -1
301 10000 0 -1
302 10000 0 -1
303 10000 0 -1
304 10000 0 -1
305 10000 0 -1
306 10000 0 -1
307 10000 0 -1
308 10000 0 -1
309 10000 0 -1
310 30000 20000 0
310 10000 20000 0
310 10000 0 -1
311 30000 20000 0
311 10000 20000 0
311 10000 0 -1
312 30000 20000 0
312 10000 20000 0
312 10000 0 -1
313 30000 20000 0
313 10000 20000 0
313 10000 0 -1
314 10000 0 -1
315 30000 20000 0
315 10000 20000 0
315 10000 0 -1
316 10000 0 -1
317 10000 0 -1
318 10000 0 -1
319 30000 20000 0
319 10000 20000 0
319 10000 0 -1
320 10000 0 -1
321 30000 20000 0
321 10000 20000 0
321 10000 0 -1
322 10000 0 -1
323 10000 0 -1
324 10000 0 -1
326 30000 20000 0
326 10000 20000 0
326 10000 0 -1
327 10000 0 -1
328 10000 0 -1
329 10000 0 -1
330 10000 0 -1
331 10000 0 -1
332 10000 0 -1
333 10000 0 -1
334 10000 0 -1
335 10000 0 -1
336 10000 0 -1
337 10000 0 -1
338 10000 0 -1
339 10000 0 -1
340 30000 20000 0
340 10000 20000 0
340 10000 0 -1
341 30000 20000 0
341 10000 20000 0
341 10000 0 -1
342 30000 20000 0
342 10000 20000 0
342 10000 0 -1
343 10000 0 -1
344 30000 20000 0
344 10000 20000 0
344 10000 0 -1
345 30000 20000 0
345 10000 20000 0
345 10000 0 -1
346 30000 20000 0
346 10000 20000 0
346 10000 0 -1
347 30000 20000 0
347 10000 20000 0
347 10000 0 -1
348 30000 20000 0
348 10000 20000 0
348 10000 0 -1
349 10000 0 -1
350 10000 0 -1
351 30000 20000 0
351 10000 20000 0
351 10000 0 -1
352 10000 0 -1
353 10000 0 -1
354 30000 20000 0
354 10000 20000 0
354 10000 0 -1
355 10000 0 -1
356 10000 0 -1
357 10000 0 -1
358 10000 0 -1
359 10000 0 -1
360 10000 0 -1
361 10000 0 -1
362 10000 0 -1
363 10000 0 -1
364 10000 0 -1
365 10000 0 -1
366 10000 0 -1
367 10000 0 -1
368 10000 0 -1
369 10000 0 -1
370 10000 0 -1
371 10000 0 -1
372 10000 0 -1
373 10000 0 -1
374 10000 0 -1
375 10000 0 -1
376 10000 0 -1
377 10000 0 -1
378 10000 0 -1
379 10000 0 -1
380 10000 0 -1
381 10000 0 -1
382 10000 0 -1
383 10000 0 -1
384 10000 0 -1
385 10000 0 -1
386 10000 0 -1
387 10000 0 -1
388 10000 0 -1
389 10000 0 -1
390 10000 0 -1
391 10000 0 -1
392 10000 0 -1
393 10000 0 -1
394 10000 0 -1
395 10000 0 -1
396 10000 0 -1
397 10000 0 -1
398 10000 0 -1
399 10000 0 -1
400 10000 0 -1
401 10000 0 -1
402 10000 0 -1
404 10000 0 -1
405 10000 0 -1
406 10000 0 -1
407 10000 0 -1
408 10000 0 -1
409 10000 0 -1
410 10000 0 -1
411 10000 0 -1
412 10000 0 -1
413 10000 0 -1
414 10000 0 -1
415 10000 0 -1
416 30000 20000 0
416 10000 20000 0
416 10000 0 -1
417 30000 20000 0
417 10000 20000 0
417 10000 0 -1
418 30000 20000 0
418 10000 20000 0
418 10000 0 -1
419 30000 20000 0
419 10000 20000 0
419 10000 0 -1
420 30000 20000 0
420 10000 20000 0
420 10000 0 -1
421 10000 0 -1
422 10000 0 -1
423 30000 20000 0
423 10000 20000 0
423 10000 0 -1
424 30000 20000 0
424 10000 20000 0
424 10000 0 -1
425 10000 0 -1
426 10000 0 -1
427 10000 0 -1
428 10000 0 -1
429 10000 0 -1
430 10000 0 -1
431 30000 20000 0
431 10000 20000 0
431 10000 0 -1
432 30000 20000 0
432 10000 20000 0
432 10000 0 -1
433 30000 20000 0
433 10000 20000 0
433 10000 0 -1
434 10000 0 -1
435 15000 10000 0
435 10000 0 -1
436 10000 0 -1
437 10000 0 -1
438 10000 0 -1
439 30000 20000 0
439 10000 20000 0
439 10000 0 -1
440 10000 0 -1
441 10000 0 -1
442 10000 0 -1
443 30000 20000 0
443 10000 20000 0
443 10000 0 -1
444 30000 20000 0
444 10000 20000 0
444 10000 0 -1
445 30000 20000 0
445 10000 20000 0
445 10000 0 -1
446 10000 0 -1
447 30000 20000 0
447 10000 20000 0
447 10000 0 -1
448 30000 20000 0
448 10000 20000 0
448 10000 0 -1
449 30000 20000 0
449 10000 20000 0
449 10000 0 -1
450 30000 20000 0
450 10000 20000 0
450 10000 0 -1
451 30000 20000 0
451 10000 20000 0
451 10000 0 -1
452 30000 20000 0
452 10000 20000 0
452 10000 0 -1
453 30000 20000 0
453 10000 20000 0
453 10000 0 -1
455 10000 0 -1
455 30000 20000 0
455 10000 20000 0
456 10000 0 -1
457 30000 20000 0
457 10000 20000 0
457 10000 0 -1
458 10000 0 -1
459 30000 20000 0
459 10000 20000 0
459 10000 0 -1
460 30000 20000 0
460 10000 20000 0
460 10000 0 -1
491 10000 0 -1
506 10000 0 -1
518 10000 0 -1
541 10000 0 -1
559 10000 0 -1
560 10000 0 -1
564 10000 0 -1
571 10000 0 -1
573 10000 0 -1
575 10000 0 -1
576 10000 0 -1
577 10000 0 -1
578 10000 0 -1
579 10000 0 -1
480 30000 20000 0
480 10000 20000 0
580 10000 0 -1
582 15000 10000 0
582 10000 0 -1
583 10000 0 -1
584 10000 0 -1
585 10000 0 -1
586 10000 0 -1
587 10000 0 -1
588 10000 0 -1
589 10000 0 -1
590 10000 0 -1
591 10000 0 -1
592 10000 0 -1
593 10000 0 -1
594 10000 0 -1
595 10000 0 -1
596 10000 0 -1
597 10000 0 -1
598 10000 0 -1
599 10000 0 -1
600 10000 0 -1
602 10000 0 -1
603 10000 0 -1
604 15000 10000 0
604 10000 0 -1
605 10000 0 -1
606 10000 0 -1
607 10000 0 -1
608 10000 0 -1
609 10000 0 -1
612 10000 0 -1
613 10000 0 -1
614 10000 0 -1
615 10000 0 -1
616 10000 0 -1
617 10000 0 -1
618 10000 0 -1
619 10000 0 -1
620 10000 0 -1
621 10000 0 -1
622 10000 0 -1
623 10000 0 -1
624 10000 0 -1
626 10000 0 -1
627 10000 0 -1
628 10000 0 -1
629 15000 10000 0
629 10000 0 -1
630 10000 0 -1
631 15000 10000 0
631 10000 0 -1
632 15000 10000 0
632 10000 0 -1
634 10000 0 -1
635 10000 0 -1
636 10000 0 -1
637 15000 10000 0
637 10000 0 -1
638 10000 0 -1
639 10000 0 -1
640 15000 10000 0
640 10000 0 -1
641 10000 0 -1
642 30000 20000 0
642 10000 20000 0
642 10000 0 -1
643 30000 20000 0
643 10000 20000 0
643 10000 0 -1
644 10000 0 -1
645 10000 0 -1
646 10000 0 -1
647 10000 0 -1
651 10000 0 -1
652 15000 10000 0
652 10000 0 -1
653 15000 10000 0
653 10000 0 -1
654 15000 10000 0
654 10000 0 -1
655 15000 10000 0
655 10000 0 -1
656 15000 10000 0
656 10000 0 -1
567 15000 10000 0
657 10000 0 -1
658 10000 0 -1
659 10000 0 -1
659 10000 0 -1
660 10000 0 -1
662 10000 0 -1
663 10000 0 -1
664 10000 0 -1
665 10000 0 -1
666 10000 0 -1
667 10000 0 -1
668 10000 0 -1
669 10000 0 -1
670 10000 0 -1
671 15000 10000 0
671 10000 0 -1
672 10000 0 -1
673 10000 0 -1
674 10000 0 -1
675 10000 0 -1
677 10000 0 -1
678 10000 0 -1
679 15000 10000 0
679 10000 0 -1
680 10000 0 -1
681 10000 0 -1
681 30000 20000 0
681 10000 20000 0
682 10000 0 -1
683 10000 0 -1
684 10000 0 -1
685 10000 0 -1
686 10000 0 -1
687 10000 0 -1
688 10000 0 -1
690 10000 0 -1
691 10000 0 -1
692 10000 0 -1
693 10000 0 -1
694 10000 0 -1
695 10000 0 -1
697 10000 0 -1
698 10000 0 -1
699 10000 0 -1
700 10000 0 -1
701 10000 0 -1
702 10000 0 -1
703 10000 0 -1
704 15000 10000 0
704 10000 0 -1
705 10000 0 -1
706 10000 0 -1
707 10000 0 -1
708 10000 0 -1
709 10000 0 -1
710 10000 0 -1
711 10000 0 -1
712 10000 0 -1
713 10000 0 -1
714 10000 0 -1
715 10000 0 -1
716 10000 0 -1
717 10000 0 -1
718 10000 0 -1
719 10000 0 -1
720 10000 0 -1
729 10000 0 -1
