1 163471
2 428
3 6647
4 11401
5 200000
6 140000
7 90570
8 105863
9 216429
10 123895
11 129463
12 88377
13 121384
14 163007
15 72486
16 101381
17 186374
18 103356
19 100365
20 105724
21 131279
22 190436
23 111506
24 145061
25 47804
26 148740
27 103403
28 110643
29 118637
30 169797
31 92366
32 116802
33 85532
35 159771
36 68795
37 69646
38 117000
39 103162
40 60270
41 186798
42 3509
43 173212
44 110917
45 27129
46 128794
47 85075
48 89003
50 181374
51 132857
52 138499
53 119981
54 151282
55 116750
56 66665
57 76226
58 125171
59 106583
60 150644
61 497
63 50000
64 113402
66 125301
67 23475
68 5000
69 79220
70 27434
70 27434
71 256263
73 59378
74 84161
75 90058
77 121973
78 46179
79 10227
80 16417
81 140340
83 123659
84 45199
85 54451
86 202005
87 195507
90 166777
91 45423
92 105725
93 178071
94 104971
95 78389
96 61208
97 96332
98 7500
99 15500
100 22257
101 11222
102 59496
103 29551
104 24382
105 19500
106 41826
107 80000
108 84597
109 85334
110 134912
111 67079
112 57693
113 150176
114 175404
115 116077
117 114111
118 136261
119 54298
120 100000
122 135832
126 84862
127 143553
128 93995
129 48457
130 135976
131 44499
132 67510
133 90650
134 85171
135 80659
136 158829
137 118674
138 106324
139 63742
140 67817
141 49006
142 90000
143 80000
144 70000
145 74031
146 46067
147 150000
148 51000
149 89907
150 78491
151 108707
152 132894
153 102506
154 64797
155 46402
156 78769
157 100000
158 50592
159 93985
161 25800
162 75195
163 111101
165 100000
166 61923
167 129730
168 161582
169 60511
170 82992
172 101418
173 146851
174 38388
175 86486
176 74234
177 41136
178 89607
179 128183
181 70733
182 52025
183 80772
184 83288
185 88891
186 55051
187 91866
189 60000
189 60000
190 94394
191 105732
192 73625
194 118940
195 80262
197 115557
198 116781
199 81795
200 76292
201 125994
202 103754
203 99100
204 63438
205 68166
206 60000
207 164920
208 126799
209 81913
210 110063
211 106826
212 72897
213 51618
214 115000
215 68505
216 96502
217 80638
218 107788
220 127133
221 69472
222 45225
223 148682
224 102506
225 63867
226 94012
227 86143
228 145664
229 84400
230 91808
231 91778
232 136049
233 112136
234 84103
235 97170
236 88052
237 96024
238 46185
239 128135
240 50000
241 106102
243 155804
244 79219
245 98651
246 172728
247 125254
248 99691
249 131343
250 131142
251 56043
252 76611
253 103508
254 128758
255 108252
256 68634
257 87806
258 63517
259 74470
260 76165
261 70383
262 73794
263 86819
264 69541
265 55296
266 70642
267 62522
268 80611
269 91865
270 67240
271 58644
272 38019
273 63848
274 45967
275 63022
276 66969
277 37634
278 81315
279 48136
280 71970
281 81522
282 79703
283 57917
284 38301
285 70219
286 49024
287 29200
288 93060
289 72111
290 78139
291 88641
292 80891
293 93663
294 62904
295 48575
296 38692
297 54895
298 51256
299 52563
300 76763
301 86736
302 39152
303 88350
304 32559
305 17651
306 50488
307 47501
308 21415
309 51081
310 49134
311 34060
312 32523
313 67900
314 18497
315 42173
316 34371
317 23027
318 25866
319 44380
320 39317
321 58555
322 27021
323 128086
324 54697
326 47364
327 50594
328 66198
329 41457
330 52544
331 65513
332 74668
333 39171
334 44169
335 32878
336 45025
337 49925
338 36029
339 64248
340 45938
341 29557
342 27269
343 42078
344 43514
345 51768
346 33384
347 37133
348 50537
349 37205
350 52534
351 47400
352 38118
353 16020
354 10651
355 30148
356 40934
357 32708
358 52912
359 45614
360 79209
361 33427
362 48749
363 84673
364 40667
365 63309
366 50860
367 12967
368 71622
369 94154
370 80005
371 70169
372 51000
373 82427
374 42182
375 85552
376 92333
377 100583
378 45778
379 85129
380 143070
381 28954
382 74213
383 79889
384 49584
385 75865
386 75111
387 98199
388 52603
389 58612
390 85068
391 52825
392 70156
393 50308
394 52436
395 63574
396 74532
397 54893
398 86640
399 76330
400 32142
401 68889
402 25064
404 15013
405 49904
406 42571
407 69665
408 28907
409 67832
410 46646
411 31276
412 53127
413 48035
414 35015
415 54875
416 68508
417 21435
418 39462
419 44045
420 45356
421 43162
422 36516
423 51148
424 31832
425 68458
426 47093
427 46752
428 49080
429 67454
430 54130
431 63011
432 78914
433 81168
434 70615
435 83713
436 59538
437 112601
438 63708
439 32857
440 62398
441 67114
442 70845
443 67197
444 62641
445 62503
446 45673
447 58692
448 41170
449 43313
450 24232
451 39648
452 42040
453 38967
455 57817
456 36827
457 44061
458 61568
459 45523
460 35478
491 10000
506 100000
518 53988
541 80000
559 50000
560 100000
564 50000
571 52601
573 192582
575 49136
576 50333
577 66516
578 71144
579 38287
580 62933
582 90084
583 163701
584 94303
585 81047
586 55572
587 93488
588 57601
589 122682
590 102294
591 101969
592 92735
593 43875
594 107418
595 130554
596 70062
597 93393
598 69532
599 119775
600 102736
602 128529
603 116078
604 88964
605 190145
606 194523
607 95799
608 41932
609 86638
612 32267
613 116299
614 127670
615 92293
616 122398
617 39470
618 35760
619 27225
620 120643
621 68807
622 40497
623 54026
624 120209
626 59185
627 86229
628 150188
629 97376
630 150750
631 94877
632 86379
634 180000
635 107652
636 77011
637 85379
638 46765
639 157838
640 74337
641 109507
642 35246
643 63672
644 56687
645 132674
646 95802
647 59229
651 34407
652 78637
653 56026
654 68645
655 94330
656 93207
657 19774
658 190149
659 129049
659 129049
660 100055
662 142398
663 69639
664 38580
665 154776
666 17216
667 89051
668 65408
669 47952
670 136368
671 112459
672 59346
673 117436
674 25813
675 52978
677 148682
678 71754
679 63983
680 67581
681 21806
682 65234
683 43870
684 18813
685 132760
686 95944
687 74513
688 61479
690 104507
691 161526
692 87810
693 90260
694 5000
695 5000
697 5000
698 5000
699 10000
700 5000
701 5000
702 10000
703 5000
704 30000
705 5000
706 10000
707 5000
708 10000
709 5000
710 10000
711 5000
712 5000
713 5000
714 5000
715 5000
716 5000
717 5000
718 5000
719 5000
729 5000
