-1159000 514500
-1158000 514500
-1157500 514000
-1157500 513000
-1157500 512000
-1157500 511000
-1157500 510000
-1157500 509000
-1157000 508500
-1156500 508000
-1156500 507000
-1156500 506000
-1156500 505000
-1156500 504000
-1156500 503000
-1156500 502000
-1156000 501500
-1155500 501000
-1155500 500000
-1155500 499000
-1155500 498000
-1155500 497000
-1155000 496500
-1154500 496000
-1154000 495500
-1153500 495000
-1153500 494000
-1153000 493500
-1152500 493000
-1152500 492000
-1153000 491500
-1154000 491500
-1155000 491500
-1155500 491000
-1155500 490000
-1156000 489500
-1156500 489000
-1156500 488000
-1156000 487500
-1155500 487000
-1155000 486500
-1154000 486500
-1153500 486000
-1153000 485500
-1152000 485500
-1151000 485500
-1150500 485000
-1150500 484000
-1150000 483500
-1149000 483500
-1148000 483500
-1147500 483000
-1147000 482500
-1146500 482000
-1146000 481500
-1145500 481000
-1145500 480000
-1145000 479500
-1144500 479000
-1144000 478500
-1143500 478000
-1143500 477000
-1143000 476500
-1142500 476000
-1142000 475500
-1141000 475500
-1140500 475000
-1140000 474500
-1139500 474000
-1139000 473500
-1138500 473000
-1138500 472000
-1138000 471500
-1137500 471000
-1137000 470500
-1136500 470000
-1136000 469500
-1135500 469000
-1135000 468500
-1134500 468000
-1134500 467000
-1134000 466500
-1133500 466000
-1133000 465500
-1132500 465000
-1132500 464000
-1132000 463500
-1131500 463000
-1131000 462500
-1130500 462000
-1130500 461000
-1130000 460500
-1129500 460000
-1129000 459500
-1128500 459000
-1128500 458000
-1128000 457500
-1127500 457000
-1127000 456500
-1126500 456000
-1126500 455000
-1126000 454500
-1125500 454000
-1125000 453500
-1124500 453000
-1124000 452500
-1123500 452000
-1123500 451000
-1123500 450000
-1123000 449500
-1122500 449000
-1122000 448500
-1121500 448000
-1121500 447000
-1121500 446000
-1121500 445000
-1121000 444500
-1120500 444000
-1120500 443000
-1120000 442500
-1119500 442000
-1119000 441500
-1118500 441000
-1118000 440500
-1117500 440000
-1117500 439000
-1117000 438500
-1116500 438000
-1116000 437500
-1115500 437000
-1115500 436000
-1115000 435500
-1114500 435000
-1114500 434000
-1114000 433500
-1113500 433000
-1113000 432500
-1112500 432000
-1112000 431500
-1111500 431000
-1111000 430500
-1110500 430000
-1110000 429500
-1109500 429000
-1109500 428000
-1109000 427500
-1108500 427000
-1108000 426500
-1107500 426000
-1107000 425500
-1106000 425500
-1105500 425000
-1105000 424500
-1104500 424000
-1104000 423500
-1103500 423000
-1103000 422500
-1102500 422000
-1102500 421000
-1102000 420500
-1101500 420000
-1101000 419500
-1100500 419000
-1100000 418500
-1099500 418000
-1099000 417500
-1098500 417000
-1098500 416000
-1098000 415500
-1097500 415000
-1097000 414500
-1096500 414000
-1096000 413500
-1095000 413500
-1094500 413000
-1094500 412000
-1094000 411500
-1093500 411000
-1093000 410500
-1092500 410000
-1092000 409500
-1091500 409000
-1091000 408500
-1090000 408500
-1089500 408000
-1089000 407500
-1088500 407000
-1088000 406500
-1087500 406000
-1087000 405500
-1086500 405000
-1086000 404500
-1085500 404000
-1085000 403500
-1084000 403500
-1083500 403000
-1083000 402500
-1082500 402000
-1082000 401500
-1081500 401000
-1081000 400500
-1080500 401000
-1080500 402000
-1080500 403000
-1080000 403500
-1079500 403000
-1079500 402000
-1079500 401000
-1079500 400000
-1079500 399000
-1079500 398000
-1079000 397500
-1078500 397000
-1078000 396500
-1077000 396500
-1076000 396500
-1075500 397000
-1075000 397500
-1074500 398000
-1074000 398500
-1073000 398500
-1072000 398500
-1071500 398000
-1071000 397500
-1070000 397500
-1069500 398000
-1069000 398500
-1068500 399000
-1068000 399500
-1067500 399000
-1067500 398000
-1068000 397500
-1068500 397000
-1068500 396000
-1068500 395000
-1068500 394000
-1068000 393500
-1067500 393000
-1067500 392000
-1067000 391500
-1066500 391000
-1066500 390000
-1066500 389000
-1066000 388500
-1065500 388000
-1065500 387000
-1065000 386500
-1064500 386000
-1064000 385500
-1063500 385000
-1063500 384000
-1063000 383500
-1062500 383000
-1062000 382500
-1061500 382000
-1061000 381500
-1060500 381000
-1060000 380500
-1059500 380000
-1059500 379000
-1059500 378000
-1059500 377000
-1059500 376000
-1059500 375000
-1059500 374000
-1059000 373500
-1058500 373000
-1059000 372500
-1059500 372000
-1059500 371000
-1059500 370000
-1059500 369000
-1059500 368000
-1059500 367000
-1060000 366500
-1060500 366000
-1061000 365500
-1061500 365000
-1062000 364500
-1062500 364000
-1063000 363500
-1064000 363500
-1064500 363000
-1065000 362500
-1065500 362000
-1065500 361000
-1066000 360500
-1066500 360000
-1067000 359500
-1068000 359500
-1068500 359000
-1069000 358500
-1070000 358500
-1070500 358000
-1071000 357500
-1072000 357500
-1073000 357500
-1074000 357500
-1075000 357500
-1076000 357500
-1077000 357500
-1077500 357000
-1078000 356500
-1079000 356500
-1080000 356500
-1081000 356500
-1082000 356500
-1083000 356500
-1084000 356500
-1085000 356500
-1085500 357000
-1086000 357500
-1087000 357500
-1088000 357500
-1089000 357500
-1089500 358000
-1090000 358500
-1091000 358500
-1092000 358500
-1092500 359000
-1093000 359500
-1094000 359500
-1094500 360000
-1095000 360500
-1096000 360500
-1096500 361000
-1097000 361500
-1098000 361500
-1099000 361500
-1099500 362000
-1100000 362500
-1101000 362500
-1101500 363000
-1102000 363500
-1103000 363500
-1103500 364000
-1104000 364500
-1105000 364500
-1105500 365000
-1106000 365500
-1107000 365500
-1107500 366000
-1108000 366500
-1109000 366500
-1109500 367000
-1110000 367500
-1111000 367500
-1111500 368000
-1112000 368500
-1112500 369000
-1113000 369500
-1114000 369500
-1114500 370000
-1115000 370500
-1115500 371000
-1116000 371500
-1117000 371500
-1117500 372000
-1118000 372500
-1118500 373000
-1119000 373500
-1119500 374000
-1120000 374500
-1121000 374500
-1121500 375000
-1122000 375500
-1122500 376000
-1123000 376500
-1123500 377000
-1123500 378000
-1124000 378500
-1125000 378500
-1125500 379000
-1126000 379500
-1126500 380000
-1127000 380500
-1127500 381000
-1128000 381500
-1128500 382000
-1129000 382500
-1129500 383000
-1129500 384000
-1130000 384500
-1130500 385000
-1131000 385500
-1131500 386000
-1132000 386500
-1132500 387000
-1133000 387500
-1133500 388000
-1134000 388500
-1134500 389000
-1134500 390000
-1135000 390500
-1135500 391000
-1136000 391500
-1136500 392000
-1136500 393000
-1137000 393500
-1137500 394000
-1138000 394500
-1138500 395000
-1138500 396000
-1139000 396500
-1139500 397000
-1139500 398000
-1139500 399000
-1140000 399500
-1140500 400000
-1141000 400500
-1141500 401000
-1141500 402000
-1142000 402500
-1142500 403000
-1142000 403500
-1141500 404000
-1141500 405000
-1141500 406000
-1141500 407000
-1142000 407500
-1142500 408000
-1142500 409000
-1143000 409500
-1144000 409500
-1144500 410000
-1144500 411000
-1145000 411500
-1145500 412000
-1145000 412500
-1144000 412500
-1143500 413000
-1143500 414000
-1144000 414500
-1144500 415000
-1144500 416000
-1144500 417000
-1144500 418000
-1145000 418500
-1145500 419000
-1145500 420000
-1145500 421000
-1146000 421500
-1146500 422000
-1147000 422500
-1147500 423000
-1147500 424000
-1148000 424500
-1149000 424500
-1149500 425000
-1149500 426000
-1150000 426500
-1150500 427000
-1150500 428000
-1150500 429000
-1151000 429500
-1151500 430000
-1152000 430500
-1152500 431000
-1153000 431500
-1153500 432000
-1154000 432500
-1154500 433000
-1154500 434000
-1154500 435000
-1154500 436000
-1155000 436500
-1155500 437000
-1155500 438000
-1155500 439000
-1155000 439500
-1154500 440000
-1154500 441000
-1155000 441500
-1155500 442000
-1155500 443000
-1155500 444000
-1155500 445000
-1156000 445500
-1156500 446000
-1156500 447000
-1157000 447500
-1157500 448000
-1157500 449000
-1158000 449500
-1158500 450000
-1158500 451000
-1158500 452000
-1158500 453000
-1158500 454000
-1158500 455000
-1159000 455500
-1159500 456000
-1159500 457000
-1159500 458000
-1159500 459000
-1160000 459500
-1160500 460000
-1160500 461000
-1161000 461500
-1161500 462000
-1161500 463000
-1162000 463500
-1162500 464000
-1162500 465000
-1163000 465500
-1163500 466000
-1163500 467000
-1163500 468000
-1164000 468500
-1164500 469000
-1164500 470000
-1164500 471000
-1164500 472000
-1164500 473000
-1164500 474000
-1164500 475000
-1164000 475500
-1163500 476000
-1164000 476500
-1164500 477000
-1164500 478000
-1165000 478500
-1165500 479000
-1165500 480000
-1166000 480500
-1166500 481000
-1167000 481500
-1168000 481500
-1169000 481500
-1169500 481000
-1170000 480500
-1170500 481000
-1171000 481500
-1171500 482000
-1171500 483000
-1171500 484000
-1172000 484500
-1172500 485000
-1172500 486000
-1172500 487000
-1173000 487500
-1173500 488000
-1173500 489000
-1174000 489500
-1174500 490000
-1174500 491000
-1174500 492000
-1174500 493000
-1174000 493500
-1173500 494000
-1173500 495000
-1173500 496000
-1173000 496500
-1172500 497000
-1172000 497500
-1171500 498000
-1171000 498500
-1170500 499000
-1170500 500000
-1170000 500500
-1169500 501000
-1169000 501500
-1168500 502000
-1168000 502500
-1167500 503000
-1167000 503500
-1166500 503000
-1166000 502500
-1165500 502000
-1165000 501500
-1164500 501000
-1165000 500500
-1165500 500000
-1165500 499000
-1165000 498500
-1164500 498000
-1164000 497500
-1163000 497500
-1162000 497500
-1161500 498000
-1161000 498500
-1160000 498500
-1159500 499000
-1159000 499500
-1158500 500000
-1158000 500500
-1157500 501000
-1157500 502000
-1157500 503000
-1157500 504000
-1157500 505000
-1157500 506000
-1157500 507000
-1158000 507500
-1158500 508000
-1158500 509000
-1158500 510000
-1158500 511000
-1158500 512000
-1159000 512500
-1159500 513000
-1159500 514000
-1159000 514500
