-1925000 -182500
-1924000 -182500
-1923000 -182500
-1922000 -182500
-1921500 -183000
-1921000 -183500
-1920000 -183500
-1919500 -184000
-1919500 -185000
-1919000 -185500
-1918000 -185500
-1917500 -186000
-1917500 -187000
-1917000 -187500
-1916500 -188000
-1916000 -188500
-1915500 -189000
-1915500 -190000
-1915000 -190500
-1914000 -190500
-1913500 -191000
-1913500 -192000
-1913000 -192500
-1912500 -193000
-1912500 -194000
-1912500 -195000
-1912500 -196000
-1912500 -197000
-1912500 -198000
-1912500 -199000
-1912500 -200000
-1912500 -201000
-1912500 -202000
-1912000 -202500
-1911500 -203000
-1911000 -203500
-1910000 -203500
-1909500 -203000
-1909500 -202000
-1909500 -201000
-1909000 -200500
-1908500 -200000
-1908000 -199500
-1907000 -199500
-1906000 -199500
-1905500 -199000
-1905000 -198500
-1904500 -199000
-1904000 -199500
-1903500 -199000
-1903000 -198500
-1902500 -198000
-1902000 -197500
-1901000 -197500
-1900000 -197500
-1899000 -197500
-1898500 -198000
-1898000 -198500
-1897500 -199000
-1897500 -200000
-1897500 -201000
-1897500 -202000
-1897000 -202500
-1896500 -203000
-1896500 -204000
-1896500 -205000
-1896500 -206000
-1896500 -207000
-1897000 -207500
-1897500 -208000
-1897500 -209000
-1897000 -209500
-1896500 -210000
-1896500 -211000
-1896500 -212000
-1896500 -213000
-1896000 -213500
-1895500 -214000
-1895500 -215000
-1895500 -216000
-1895500 -217000
-1895500 -218000
-1895500 -219000
-1895500 -220000
-1896000 -220500
-1896500 -221000
-1897000 -221500
-1898000 -221500
-1899000 -221500
-1899500 -222000
-1900000 -222500
-1901000 -222500
-1902000 -222500
-1902500 -223000
-1902000 -223500
-1901500 -224000
-1901000 -224500
-1900000 -224500
-1899500 -225000
-1899000 -225500
-1898000 -225500
-1897500 -225000
-1897000 -224500
-1896000 -224500
-1895000 -224500
-1894500 -225000
-1894500 -226000
-1894000 -226500
-1893500 -227000
-1893500 -228000
-1893500 -229000
-1893000 -229500
-1892500 -230000
-1892500 -231000
-1892500 -232000
-1893000 -232500
-1893500 -233000
-1893500 -234000
-1893500 -235000
-1893500 -236000
-1893500 -237000
-1894000 -237500
-1894500 -238000
-1895000 -238500
-1895500 -239000
-1896000 -239500
-1897000 -239500
-1898000 -239500
-1899000 -239500
-1899500 -239000
-1900000 -238500
-1900500 -239000
-1900000 -239500
-1899500 -240000
-1899000 -240500
-1898500 -241000
-1898000 -241500
-1897500 -242000
-1897000 -242500
-1896500 -243000
-1896500 -244000
-1897000 -244500
-1897500 -245000
-1897500 -246000
-1897000 -246500
-1896000 -246500
-1895500 -247000
-1895500 -248000
-1896000 -248500
-1896500 -249000
-1896500 -250000
-1896000 -250500
-1895000 -250500
-1894500 -251000
-1894000 -251500
-1893500 -252000
-1894000 -252500
-1894500 -253000
-1894500 -254000
-1894000 -254500
-1893500 -255000
-1893000 -255500
-1892500 -256000
-1892500 -257000
-1892500 -258000
-1892000 -258500
-1891500 -259000
-1891500 -260000
-1891000 -260500
-1890500 -261000
-1890500 -262000
-1890500 -263000
-1890500 -264000
-1890500 -265000
-1890500 -266000
-1890000 -266500
-1889500 -267000
-1889000 -267500
-1888500 -268000
-1888500 -269000
-1888000 -269500
-1887500 -270000
-1887500 -271000
-1887000 -271500
-1886500 -272000
-1887000 -272500
-1887500 -273000
-1887500 -274000
-1887500 -275000
-1887000 -275500
-1886500 -276000
-1886500 -277000
-1886500 -278000
-1886500 -279000
-1887000 -279500
-1887500 -280000
-1887500 -281000
-1887500 -282000
-1887500 -283000
-1887500 -284000
-1887500 -285000
-1887500 -286000
-1887500 -287000
-1888000 -287500
-1889000 -287500
-1890000 -287500
-1890500 -287000
-1891000 -286500
-1891500 -286000
-1892000 -285500
-1893000 -285500
-1894000 -285500
-1895000 -285500
-1896000 -285500
-1897000 -285500
-1897500 -286000
-1898000 -286500
-1898500 -287000
-1898000 -287500
-1897500 -288000
-1897500 -289000
-1897500 -290000
-1897000 -290500
-1896500 -291000
-1896500 -292000
-1896500 -293000
-1896500 -294000
-1896500 -295000
-1896500 -296000
-1896500 -297000
-1896500 -298000
-1896000 -298500
-1895500 -299000
-1895500 -300000
-1895500 -301000
-1895000 -301500
-1894500 -302000
-1894500 -303000
-1894500 -304000
-1894000 -304500
-1893500 -305000
-1894000 -305500
-1894500 -306000
-1894500 -307000
-1894000 -307500
-1893500 -308000
-1893000 -308500
-1892500 -309000
-1892500 -310000
-1892500 -311000
-1892500 -312000
-1892500 -313000
-1892000 -313500
-1891500 -314000
-1891500 -315000
-1892000 -315500
-1893000 -315500
-1894000 -315500
-1894500 -315000
-1895000 -314500
-1895500 -315000
-1896000 -315500
-1896500 -315000
-1897000 -314500
-1897500 -314000
-1898000 -313500
-1898500 -313000
-1899000 -312500
-1899500 -312000
-1900000 -311500
-1900500 -311000
-1901000 -310500
-1901500 -310000
-1902000 -309500
-1902500 -309000
-1903000 -308500
-1904000 -308500
-1905000 -308500
-1905500 -309000
-1905500 -310000
-1905500 -311000
-1905500 -312000
-1905500 -313000
-1905500 -314000
-1905500 -315000
-1905500 -316000
-1905500 -317000
-1905500 -318000
-1905500 -319000
-1905500 -320000
-1905500 -321000
-1905000 -321500
-1904500 -322000
-1904000 -322500
-1903500 -323000
-1903500 -324000
-1903500 -325000
-1903500 -326000
-1903000 -326500
-1902500 -327000
-1902500 -328000
-1903000 -328500
-1903500 -329000
-1903500 -330000
-1904000 -330500
-1904500 -331000
-1904500 -332000
-1905000 -332500
-1905500 -333000
-1905500 -334000
-1905000 -334500
-1904500 -335000
-1905000 -335500
-1905500 -336000
-1905500 -337000
-1905500 -338000
-1906000 -338500
-1906500 -339000
-1907000 -339500
-1907500 -340000
-1908000 -340500
-1908500 -341000
-1909000 -341500
-1909500 -342000
-1910000 -342500
-1911000 -342500
-1911500 -343000
-1911000 -343500
-1910500 -344000
-1910000 -344500
-1909500 -345000
-1909000 -345500
-1908000 -345500
-1907500 -346000
-1907000 -346500
-1906500 -347000
-1906500 -348000
-1907000 -348500
-1907500 -349000
-1908000 -349500
-1908500 -350000
-1909000 -350500
-1909500 -351000
-1910000 -351500
-1910500 -352000
-1911000 -352500
-1911500 -353000
-1911500 -354000
-1911500 -355000
-1911500 -356000
-1911500 -357000
-1911500 -358000
-1911500 -359000
-1911000 -359500
-1910500 -360000
-1910500 -361000
-1910500 -362000
-1910500 -363000
-1910500 -364000
-1910000 -364500
-1909500 -365000
-1909500 -366000
-1909500 -367000
-1909500 -368000
-1909500 -369000
-1909500 -370000
-1909500 -371000
-1909500 -372000
-1909500 -373000
-1910000 -373500
-1910500 -374000
-1910000 -374500
-1909500 -375000
-1910000 -375500
-1910500 -376000
-1910500 -377000
-1911000 -377500
-1911500 -378000
-1911000 -378500
-1910000 -378500
-1909000 -378500
-1908500 -379000
-1908500 -380000
-1908500 -381000
-1909000 -381500
-1909500 -382000
-1909500 -383000
-1909500 -384000
-1909500 -385000
-1909500 -386000
-1910000 -386500
-1910500 -387000
-1910500 -388000
-1910500 -389000
-1910500 -390000
-1910000 -390500
-1909500 -391000
-1909500 -392000
-1910000 -392500
-1910500 -393000
-1910500 -394000
-1910500 -395000
-1911000 -395500
-1912000 -395500
-1912500 -396000
-1912500 -397000
-1912000 -397500
-1911500 -397000
-1911000 -396500
-1910000 -396500
-1909500 -397000
-1909500 -398000
-1909000 -398500
-1908500 -399000
-1908000 -399500
-1907500 -400000
-1907500 -401000
-1907500 -402000
-1907500 -403000
-1907500 -404000
-1907500 -405000
-1908000 -405500
-1908500 -406000
-1908500 -407000
-1908500 -408000
-1908500 -409000
-1909000 -409500
-1909500 -410000
-1909500 -411000
-1910000 -411500
-1910500 -412000
-1911000 -412500
-1911500 -413000
-1911500 -414000
-1911500 -415000
-1911500 -416000
-1912000 -416500
-1912500 -417000
-1913000 -417500
-1914000 -417500
-1914500 -418000
-1915000 -418500
-1915500 -419000
-1916000 -419500
-1917000 -419500
-1918000 -419500
-1919000 -419500
-1920000 -419500
-1920500 -419000
-1921000 -418500
-1921500 -419000
-1922000 -419500
-1923000 -419500
-1923500 -419000
-1924000 -418500
-1924500 -418000
-1925000 -417500
-1926000 -417500
-1926500 -417000
-1926500 -416000
-1927000 -415500
-1927500 -415000
-1927500 -414000
-1928000 -413500
-1928500 -413000
-1929000 -412500
-1930000 -412500
-1930500 -412000
-1931000 -411500
-1931500 -411000
-1931500 -410000
-1932000 -409500
-1932500 -409000
-1933000 -408500
-1933500 -408000
-1934000 -407500
-1934500 -407000
-1935000 -406500
-1936000 -406500
-1936500 -406000
-1936500 -405000
-1937000 -404500
-1937500 -404000
-1938000 -403500
-1938500 -403000
-1938500 -402000
-1938500 -401000
-1938500 -400000
-1938500 -399000
-1939000 -398500
-1939500 -398000
-1939500 -397000
-1940000 -396500
-1941000 -396500
-1941500 -396000
-1942000 -395500
-1942500 -395000
-1942500 -394000
-1943000 -393500
-1943500 -393000
-1943500 -392000
-1943500 -391000
-1943000 -390500
-1942500 -390000
-1942500 -389000
-1942500 -388000
-1943000 -387500
-1943500 -387000
-1944000 -386500
-1944500 -386000
-1945000 -385500
-1945500 -385000
-1946000 -384500
-1946500 -384000
-1947000 -383500
-1947500 -383000
-1947500 -382000
-1947500 -381000
-1947500 -380000
-1947000 -379500
-1946000 -379500
-1945500 -379000
-1946000 -378500
-1946500 -378000
-1946500 -377000
-1947000 -376500
-1947500 -376000
-1947500 -375000
-1948000 -374500
-1948500 -374000
-1948500 -373000
-1948500 -372000
-1948500 -371000
-1948500 -370000
-1949000 -369500
-1950000 -369500
-1950500 -369000
-1950500 -368000
-1950500 -367000
-1950500 -366000
-1950000 -365500
-1949500 -365000
-1949000 -364500
-1948500 -364000
-1948000 -363500
-1947500 -363000
-1947500 -362000
-1948000 -361500
-1948500 -361000
-1949000 -360500
-1949500 -360000
-1949500 -359000
-1950000 -358500
-1951000 -358500
-1952000 -358500
-1953000 -358500
-1954000 -358500
-1954500 -358000
-1955000 -357500
-1955500 -357000
-1956000 -356500
-1956500 -356000
-1957000 -355500
-1958000 -355500
-1958500 -355000
-1958500 -354000
-1959000 -353500
-1959500 -353000
-1959500 -352000
-1959500 -351000
-1959500 -350000
-1959500 -349000
-1959500 -348000
-1959500 -347000
-1959000 -346500
-1958000 -346500
-1957000 -346500
-1956500 -346000
-1956500 -345000
-1956000 -344500
-1955500 -344000
-1955000 -343500
-1954500 -343000
-1954000 -342500
-1953000 -342500
-1952500 -343000
-1952000 -343500
-1951000 -343500
-1950500 -343000
-1950500 -342000
-1950000 -341500
-1949500 -342000
-1949000 -342500
-1948500 -343000
-1948500 -344000
-1949000 -344500
-1949500 -345000
-1949500 -346000
-1949500 -347000
-1949000 -347500
-1948000 -347500
-1947500 -348000
-1947500 -349000
-1947000 -349500
-1946500 -350000
-1946000 -350500
-1945500 -351000
-1945500 -352000
-1945500 -353000
-1945000 -353500
-1944500 -354000
-1944500 -355000
-1944000 -355500
-1943500 -356000
-1943000 -356500
-1942000 -356500
-1941000 -356500
-1940500 -357000
-1940000 -357500
-1939000 -357500
-1938500 -357000
-1938500 -356000
-1939000 -355500
-1939500 -355000
-1940000 -354500
-1940500 -354000
-1940500 -353000
-1941000 -352500
-1941500 -352000
-1941500 -351000
-1941500 -350000
-1942000 -349500
-1943000 -349500
-1943500 -349000
-1944000 -348500
-1944500 -348000
-1944500 -347000
-1944500 -346000
-1944500 -345000
-1944500 -344000
-1944500 -343000
-1944500 -342000
-1944500 -341000
-1944000 -340500
-1943500 -340000
-1943500 -339000
-1943000 -338500
-1942500 -338000
-1942000 -337500
-1941000 -337500
-1940500 -338000
-1940000 -338500
-1939000 -338500
-1938000 -338500
-1937000 -338500
-1936500 -338000
-1936000 -337500
-1935500 -337000
-1935500 -336000
-1935500 -335000
-1935500 -334000
-1936000 -333500
-1937000 -333500
-1938000 -333500
-1938500 -333000
-1939000 -332500
-1939500 -332000
-1940000 -331500
-1941000 -331500
-1942000 -331500
-1942500 -332000
-1943000 -332500
-1944000 -332500
-1944500 -332000
-1945000 -331500
-1945500 -331000
-1946000 -330500
-1946500 -331000
-1947000 -331500
-1948000 -331500
-1949000 -331500
-1949500 -331000
-1950000 -330500
-1950500 -330000
-1950500 -329000
-1950500 -328000
-1950500 -327000
-1950500 -326000
-1950500 -325000
-1950000 -324500
-1949500 -324000
-1949500 -323000
-1949000 -322500
-1948500 -322000
-1948500 -321000
-1948000 -320500
-1947500 -320000
-1947500 -319000
-1947000 -318500
-1946500 -318000
-1946500 -317000
-1946000 -316500
-1945500 -316000
-1945000 -315500
-1944500 -315000
-1944500 -314000
-1944000 -313500
-1943500 -313000
-1943500 -312000
-1943000 -311500
-1942500 -311000
-1942000 -310500
-1941500 -310000
-1941000 -309500
-1940500 -309000
-1940000 -308500
-1939000 -308500
-1938000 -308500
-1937500 -308000
-1938000 -307500
-1938500 -307000
-1938000 -306500
-1937500 -306000
-1937500 -305000
-1938000 -304500
-1938500 -304000
-1938500 -303000
-1938500 -302000
-1938500 -301000
-1938000 -300500
-1937500 -300000
-1937000 -299500
-1936500 -299000
-1936500 -298000
-1936500 -297000
-1936500 -296000
-1937000 -295500
-1937500 -295000
-1938000 -294500
-1939000 -294500
-1939500 -295000
-1940000 -295500
-1940500 -296000
-1941000 -296500
-1941500 -297000
-1942000 -297500
-1943000 -297500
-1943500 -298000
-1944000 -298500
-1945000 -298500
-1945500 -299000
-1945500 -300000
-1946000 -300500
-1947000 -300500
-1947500 -301000
-1948000 -301500
-1948500 -302000
-1949000 -302500
-1949500 -303000
-1949500 -304000
-1949500 -305000
-1950000 -305500
-1950500 -306000
-1951000 -306500
-1951500 -307000
-1951500 -308000
-1951500 -309000
-1951500 -310000
-1952000 -310500
-1952500 -311000
-1953000 -311500
-1953500 -312000
-1954000 -312500
-1954500 -312000
-1955000 -311500
-1955500 -312000
-1955500 -313000
-1955500 -314000
-1955500 -315000
-1956000 -315500
-1957000 -315500
-1957500 -315000
-1958000 -314500
-1959000 -314500
-1959500 -314000
-1960000 -313500
-1961000 -313500
-1961500 -313000
-1962000 -312500
-1962500 -312000
-1963000 -311500
-1963500 -311000
-1964000 -310500
-1964500 -310000
-1965000 -309500
-1965500 -309000
-1966000 -308500
-1967000 -308500
-1968000 -308500
-1969000 -308500
-1970000 -308500
-1971000 -308500
-1972000 -308500
-1973000 -308500
-1973500 -308000
-1973500 -307000
-1974000 -306500
-1975000 -306500
-1975500 -306000
-1976000 -305500
-1976500 -305000
-1976500 -304000
-1977000 -303500
-1977500 -304000
-1978000 -304500
-1979000 -304500
-1979500 -304000
-1979500 -303000
-1979000 -302500
-1978000 -302500
-1977000 -302500
-1976500 -302000
-1977000 -301500
-1977500 -301000
-1977500 -300000
-1977500 -299000
-1977000 -298500
-1976500 -298000
-1976500 -297000
-1976500 -296000
-1976000 -295500
-1975500 -295000
-1975500 -294000
-1976000 -293500
-1976500 -293000
-1976000 -292500
-1975500 -292000
-1975500 -291000
-1975000 -290500
-1974500 -290000
-1974000 -289500
-1973500 -289000
-1973000 -288500
-1972500 -288000
-1972500 -287000
-1972000 -286500
-1971500 -286000
-1971000 -285500
-1970500 -285000
-1970000 -284500
-1969500 -284000
-1969500 -283000
-1969500 -282000
-1969500 -281000
-1969000 -280500
-1968500 -280000
-1968500 -279000
-1968500 -278000
-1968500 -277000
-1968000 -276500
-1967500 -276000
-1967000 -275500
-1966000 -275500
-1965500 -276000
-1965000 -276500
-1964000 -276500
-1963000 -276500
-1962500 -277000
-1962000 -277500
-1961000 -277500
-1960000 -277500
-1959500 -278000
-1959000 -278500
-1958000 -278500
-1957500 -279000
-1957000 -279500
-1956000 -279500
-1955000 -279500
-1954500 -280000
-1954500 -281000
-1954500 -282000
-1954500 -283000
-1954500 -284000
-1954000 -284500
-1953000 -284500
-1952500 -284000
-1952000 -283500
-1951000 -283500
-1950000 -283500
-1949500 -283000
-1949000 -282500
-1948000 -282500
-1947500 -282000
-1947000 -281500
-1946000 -281500
-1945000 -281500
-1944000 -281500
-1943500 -282000
-1943000 -282500
-1942000 -282500
-1941000 -282500
-1940000 -282500
-1939000 -282500
-1938000 -282500
-1937000 -282500
-1936000 -282500
-1935500 -283000
-1935000 -283500
-1934000 -283500
-1933000 -283500
-1932500 -283000
-1933000 -282500
-1933500 -282000
-1934000 -281500
-1935000 -281500
-1935500 -281000
-1936000 -280500
-1937000 -280500
-1937500 -280000
-1938000 -279500
-1939000 -279500
-1939500 -279000
-1940000 -278500
-1941000 -278500
-1941500 -278000
-1942000 -277500
-1943000 -277500
-1943500 -277000
-1943500 -276000
-1943000 -275500
-1942500 -275000
-1942500 -274000
-1942000 -273500
-1941500 -273000
-1941500 -272000
-1941500 -271000
-1941500 -270000
-1941000 -269500
-1940500 -269000
-1940500 -268000
-1940000 -267500
-1939000 -267500
-1938500 -268000
-1938000 -268500
-1937000 -268500
-1936500 -269000
-1936000 -269500
-1935000 -269500
-1934500 -270000
-1934000 -270500
-1933500 -270000
-1933500 -269000
-1933500 -268000
-1933500 -267000
-1934000 -266500
-1934500 -266000
-1935000 -265500
-1936000 -265500
-1936500 -265000
-1937000 -264500
-1938000 -264500
-1939000 -264500
-1940000 -264500
-1941000 -264500
-1942000 -264500
-1943000 -264500
-1943500 -265000
-1944000 -265500
-1944500 -266000
-1945000 -266500
-1945500 -267000
-1946000 -267500
-1946500 -268000
-1947000 -268500
-1948000 -268500
-1948500 -269000
-1949000 -269500
-1950000 -269500
-1951000 -269500
-1952000 -269500
-1953000 -269500
-1954000 -269500
-1955000 -269500
-1956000 -269500
-1957000 -269500
-1958000 -269500
-1959000 -269500
-1959500 -270000
-1960000 -270500
-1961000 -270500
-1961500 -271000
-1962000 -271500
-1963000 -271500
-1964000 -271500
-1964500 -271000
-1965000 -270500
-1966000 -270500
-1966500 -270000
-1966500 -269000
-1967000 -268500
-1967500 -268000
-1968000 -267500
-1968500 -267000
-1968000 -266500
-1967500 -266000
-1968000 -265500
-1968500 -265000
-1968000 -264500
-1967500 -264000
-1967000 -263500
-1966500 -263000
-1966500 -262000
-1966000 -261500
-1965500 -261000
-1965500 -260000
-1965000 -259500
-1964500 -259000
-1964500 -258000
-1964000 -257500
-1963500 -258000
-1963500 -259000
-1963000 -259500
-1962500 -260000
-1962000 -260500
-1961500 -261000
-1961000 -261500
-1960500 -262000
-1960000 -262500
-1959500 -262000
-1959500 -261000
-1959500 -260000
-1959000 -259500
-1958500 -259000
-1959000 -258500
-1959500 -258000
-1959500 -257000
-1959000 -256500
-1958500 -256000
-1958500 -255000
-1958000 -254500
-1957500 -254000
-1957000 -253500
-1956000 -253500
-1955000 -253500
-1954500 -253000
-1954000 -252500
-1953000 -252500
-1952000 -252500
-1951000 -252500
-1950500 -253000
-1950500 -254000
-1950000 -254500
-1949500 -255000
-1949000 -255500
-1948500 -256000
-1948000 -256500
-1947500 -257000
-1947000 -257500
-1946000 -257500
-1945500 -258000
-1945500 -259000
-1945000 -259500
-1944000 -259500
-1943000 -259500
-1942500 -259000
-1942000 -258500
-1941500 -258000
-1941000 -257500
-1940000 -257500
-1939500 -257000
-1939500 -256000
-1939000 -255500
-1938500 -256000
-1938000 -256500
-1937000 -256500
-1936500 -256000
-1936000 -255500
-1935500 -255000
-1935000 -254500
-1934500 -254000
-1934500 -253000
-1934000 -252500
-1933000 -252500
-1932000 -252500
-1931500 -253000
-1931000 -253500
-1930500 -253000
-1930500 -252000
-1931000 -251500
-1931500 -251000
-1931500 -250000
-1932000 -249500
-1933000 -249500
-1934000 -249500
-1935000 -249500
-1935500 -249000
-1936000 -248500
-1937000 -248500
-1938000 -248500
-1938500 -248000
-1939000 -247500
-1940000 -247500
-1940500 -247000
-1941000 -246500
-1942000 -246500
-1943000 -246500
-1944000 -246500
-1945000 -246500
-1946000 -246500
-1947000 -246500
-1947500 -246000
-1948000 -245500
-1949000 -245500
-1950000 -245500
-1950500 -245000
-1951000 -244500
-1952000 -244500
-1953000 -244500
-1954000 -244500
-1955000 -244500
-1956000 -244500
-1957000 -244500
-1958000 -244500
-1959000 -244500
-1959500 -244000
-1960000 -243500
-1960500 -244000
-1961000 -244500
-1962000 -244500
-1962500 -244000
-1963000 -243500
-1964000 -243500
-1964500 -244000
-1965000 -244500
-1966000 -244500
-1967000 -244500
-1968000 -244500
-1969000 -244500
-1970000 -244500
-1970500 -244000
-1971000 -243500
-1972000 -243500
-1973000 -243500
-1973500 -243000
-1974000 -242500
-1974500 -242000
-1975000 -241500
-1975500 -241000
-1976000 -240500
-1976500 -240000
-1976500 -239000
-1976500 -238000
-1976000 -237500
-1975500 -237000
-1975500 -236000
-1975000 -235500
-1974500 -235000
-1974500 -234000
-1974000 -233500
-1973500 -234000
-1973000 -234500
-1972500 -235000
-1972000 -235500
-1971500 -235000
-1972000 -234500
-1972500 -234000
-1972500 -233000
-1972500 -232000
-1972000 -231500
-1971500 -231000
-1971500 -230000
-1972000 -229500
-1972500 -229000
-1973000 -228500
-1973500 -228000
-1974000 -227500
-1974500 -227000
-1974500 -226000
-1975000 -225500
-1976000 -225500
-1976500 -225000
-1976500 -224000
-1976500 -223000
-1977000 -222500
-1977500 -222000
-1977500 -221000
-1977500 -220000
-1977500 -219000
-1977000 -218500
-1976500 -218000
-1976500 -217000
-1976500 -216000
-1976500 -215000
-1976000 -214500
-1975500 -214000
-1975000 -213500
-1974500 -213000
-1974500 -212000
-1974000 -211500
-1973500 -211000
-1973000 -210500
-1972000 -210500
-1971000 -210500
-1970500 -210000
-1970000 -209500
-1969500 -210000
-1969000 -210500
-1968500 -210000
-1968000 -209500
-1967000 -209500
-1966500 -210000
-1966000 -210500
-1965500 -210000
-1965000 -209500
-1964000 -209500
-1963000 -209500
-1962000 -209500
-1961000 -209500
-1960500 -210000
-1960000 -210500
-1959500 -211000
-1959000 -211500
-1958500 -212000
-1958000 -212500
-1957500 -213000
-1957000 -213500
-1956500 -214000
-1957000 -214500
-1957500 -215000
-1957500 -216000
-1957000 -216500
-1956500 -217000
-1957000 -217500
-1957500 -218000
-1958000 -218500
-1958500 -219000
-1958500 -220000
-1958500 -221000
-1958500 -222000
-1958500 -223000
-1958000 -223500
-1957500 -223000
-1957000 -222500
-1956500 -222000
-1956500 -221000
-1956000 -220500
-1955000 -220500
-1954500 -220000
-1954000 -219500
-1953500 -219000
-1953000 -218500
-1952000 -218500
-1951500 -219000
-1951000 -219500
-1950500 -220000
-1950000 -220500
-1949500 -221000
-1949000 -221500
-1948500 -222000
-1948500 -223000
-1948000 -223500
-1947000 -223500
-1946500 -224000
-1946500 -225000
-1946500 -226000
-1946000 -226500
-1945000 -226500
-1944500 -227000
-1944000 -227500
-1943500 -228000
-1943500 -229000
-1943000 -229500
-1942000 -229500
-1941500 -230000
-1941000 -230500
-1940500 -231000
-1940000 -231500
-1939500 -232000
-1939000 -232500
-1938500 -233000
-1938000 -233500
-1937500 -234000
-1937000 -234500
-1936500 -235000
-1936000 -235500
-1935500 -236000
-1935000 -236500
-1934500 -237000
-1934000 -237500
-1933000 -237500
-1932500 -237000
-1932500 -236000
-1932000 -235500
-1931500 -235000
-1931000 -234500
-1930500 -234000
-1930500 -233000
-1931000 -232500
-1931500 -232000
-1931500 -231000
-1931500 -230000
-1931500 -229000
-1931000 -228500
-1930500 -228000
-1930500 -227000
-1930500 -226000
-1930500 -225000
-1931000 -224500
-1931500 -224000
-1931500 -223000
-1932000 -222500
-1933000 -222500
-1933500 -223000
-1934000 -223500
-1934500 -223000
-1935000 -222500
-1935500 -222000
-1935500 -221000
-1936000 -220500
-1936500 -220000
-1937000 -219500
-1937500 -219000
-1937500 -218000
-1937500 -217000
-1938000 -216500
-1938500 -216000
-1938500 -215000
-1938500 -214000
-1939000 -213500
-1939500 -213000
-1940000 -212500
-1940500 -212000
-1941000 -211500
-1941500 -211000
-1941500 -210000
-1941500 -209000
-1941500 -208000
-1942000 -207500
-1942500 -207000
-1942500 -206000
-1943000 -205500
-1943500 -205000
-1944000 -204500
-1944500 -204000
-1944500 -203000
-1945000 -202500
-1945500 -202000
-1946000 -201500
-1946500 -201000
-1947000 -200500
-1948000 -200500
-1949000 -200500
-1950000 -200500
-1951000 -200500
-1951500 -200000
-1952000 -199500
-1953000 -199500
-1953500 -199000
-1954000 -198500
-1954500 -198000
-1955000 -197500
-1955500 -197000
-1955500 -196000
-1955000 -195500
-1954500 -195000
-1954500 -194000
-1955000 -193500
-1955500 -193000
-1955000 -192500
-1954500 -192000
-1954000 -191500
-1953000 -191500
-1952500 -192000
-1952500 -193000
-1952000 -193500
-1951500 -194000
-1951000 -194500
-1950500 -195000
-1950000 -195500
-1949500 -195000
-1949500 -194000
-1949000 -193500
-1948500 -193000
-1948000 -192500
-1947500 -192000
-1947000 -191500
-1946500 -191000
-1946500 -190000
-1946500 -189000
-1946000 -188500
-1945500 -188000
-1945000 -187500
-1944000 -187500
-1943500 -188000
-1943500 -189000
-1943000 -189500
-1942500 -190000
-1942000 -190500
-1941500 -190000
-1941000 -189500
-1940500 -190000
-1940000 -190500
-1939500 -191000
-1939000 -191500
-1938000 -191500
-1937500 -192000
-1937000 -192500
-1936000 -192500
-1935500 -193000
-1935500 -194000
-1935500 -195000
-1935000 -195500
-1934500 -196000
-1934500 -197000
-1935000 -197500
-1935500 -198000
-1936000 -198500
-1936500 -199000
-1936500 -200000
-1936500 -201000
-1936500 -202000
-1936500 -203000
-1936000 -203500
-1935500 -204000
-1935000 -204500
-1934500 -205000
-1934000 -205500
-1933500 -206000
-1933500 -207000
-1933500 -208000
-1933500 -209000
-1933500 -210000
-1933500 -211000
-1933000 -211500
-1932500 -212000
-1932000 -212500
-1931500 -213000
-1931500 -214000
-1931000 -214500
-1930500 -215000
-1930000 -215500
-1929000 -215500
-1928500 -216000
-1928000 -216500
-1927000 -216500
-1926500 -216000
-1926500 -215000
-1927000 -214500
-1927500 -214000
-1928000 -213500
-1928500 -213000
-1929000 -212500
-1929500 -212000
-1929500 -211000
-1929500 -210000
-1930000 -209500
-1930500 -209000
-1931000 -208500
-1931500 -208000
-1931000 -207500
-1930500 -207000
-1930500 -206000
-1930500 -205000
-1930500 -204000
-1930500 -203000
-1930000 -202500
-1929500 -202000
-1929500 -201000
-1929500 -200000
-1929500 -199000
-1929000 -198500
-1928500 -198000
-1928000 -197500
-1927000 -197500
-1926500 -198000
-1926000 -198500
-1925000 -198500
-1924500 -198000
-1924500 -197000
-1925000 -196500
-1925500 -196000
-1926000 -195500
-1926500 -195000
-1926500 -194000
-1926500 -193000
-1926500 -192000
-1927000 -191500
-1927500 -191000
-1927500 -190000
-1927500 -189000
-1927500 -188000
-1927500 -187000
-1927500 -186000
-1927000 -185500
-1926500 -185000
-1926500 -184000
-1926000 -183500
-1925500 -183000
-1925000 -182500
