-930000 930500
-929000 930500
-928000 930500
-927000 930500
-926000 930500
-925000 930500
-924000 930500
-923000 930500
-922000 930500
-921000 930500
-920000 930500
-919500 930000
-919000 929500
-918000 929500
-917000 929500
-916000 929500
-915000 929500
-914000 929500
-913000 929500
-912000 929500
-911000 929500
-910000 929500
-909000 929500
-908500 929000
-908000 928500
-907500 929000
-907000 929500
-906000 929500
-905500 929000
-905000 928500
-904000 928500
-903500 928000
-903000 927500
-902000 927500
-901000 927500
-900000 927500
-899000 927500
-898000 927500
-897000 927500
-896500 927000
-896000 926500
-895000 926500
-894000 926500
-893500 926000
-893000 925500
-892000 925500
-891500 925000
-891000 924500
-890000 924500
-889000 924500
-888000 924500
-887000 924500
-886000 924500
-885500 924000
-885000 923500
-884500 923000
-884000 922500
-883000 922500
-882500 922000
-882000 921500
-881500 921000
-881000 920500
-880500 920000
-880000 919500
-879500 919000
-879000 918500
-878000 918500
-877500 918000
-877000 917500
-876500 917000
-876000 916500
-875500 916000
-875000 915500
-874500 915000
-874000 914500
-873500 914000
-873500 913000
-873000 912500
-872500 912000
-872500 911000
-872000 910500
-871500 910000
-871000 909500
-870500 909000
-870500 908000
-870000 907500
-869500 907000
-869500 906000
-869000 905500
-868500 905000
-868000 904500
-867500 904000
-867000 903500
-866500 903000
-866500 902000
-866000 901500
-865500 901000
-865500 900000
-865000 899500
-864500 899000
-864000 898500
-863500 898000
-863500 897000
-863000 896500
-862500 896000
-862500 895000
-862500 894000
-862500 893000
-862500 892000
-863000 891500
-863500 891000
-864000 890500
-864500 890000
-864500 889000
-865000 888500
-865500 888000
-866000 887500
-866500 887000
-866500 886000
-867000 885500
-867500 885000
-868000 884500
-868500 884000
-869000 883500
-869500 883000
-870000 882500
-870500 882000
-870500 881000
-871000 880500
-871500 880000
-871500 879000
-872000 878500
-872500 878000
-872500 877000
-873000 876500
-873500 876000
-874000 875500
-874500 875000
-875000 874500
-875500 874000
-875500 873000
-876000 872500
-876500 872000
-876500 871000
-876500 870000
-877000 869500
-877500 869000
-877500 868000
-877500 867000
-877000 866500
-876500 866000
-876000 865500
-875500 865000
-875000 864500
-874500 864000
-874000 863500
-873500 863000
-873000 862500
-872500 862000
-872000 861500
-871500 861000
-871000 860500
-870000 860500
-869000 860500
-868000 860500
-867500 861000
-867000 861500
-866000 861500
-865500 862000
-865000 862500
-864500 863000
-864000 863500
-863500 864000
-863000 864500
-862500 865000
-862000 865500
-861500 866000
-861000 866500
-860500 867000
-860000 867500
-859500 868000
-859000 868500
-858500 869000
-858000 869500
-857500 870000
-857000 870500
-856500 871000
-856000 871500
-855500 872000
-855000 872500
-854500 873000
-854000 873500
-853500 874000
-853000 874500
-852000 874500
-851500 875000
-851000 875500
-850000 875500
-849500 876000
-849500 877000
-849000 877500
-848500 878000
-848000 878500
-847500 879000
-847000 879500
-846500 880000
-846500 881000
-846000 881500
-845000 881500
-844000 881500
-843000 881500
-842500 881000
-842000 880500
-841000 880500
-840000 880500
-839500 880000
-839000 879500
-838000 879500
-837500 879000
-837000 878500
-836000 878500
-835500 878000
-835000 877500
-834000 877500
-833500 877000
-833000 876500
-832000 876500
-831500 876000
-831000 875500
-830000 875500
-829500 875000
-829000 874500
-828500 874000
-828000 873500
-827500 873000
-827000 872500
-826000 872500
-825500 872000
-825000 871500
-824500 871000
-824500 870000
-824000 869500
-823000 869500
-822500 869000
-822000 868500
-821500 868000
-821000 867500
-820500 867000
-820000 866500
-819500 866000
-819000 865500
-818500 865000
-818000 864500
-817500 864000
-817500 863000
-817000 862500
-816500 862000
-816000 861500
-815500 862000
-816000 862500
-816500 863000
-816000 863500
-815000 863500
-814500 863000
-814000 862500
-813000 862500
-812500 862000
-812000 861500
-811000 861500
-810000 861500
-809000 861500
-808500 861000
-808000 860500
-807000 860500
-806000 860500
-805500 860000
-805500 859000
-805500 858000
-805500 857000
-805500 856000
-805500 855000
-805500 854000
-805000 853500
-804500 853000
-804000 852500
-803500 852000
-803000 851500
-802500 851000
-802000 850500
-801000 850500
-800000 850500
-799000 850500
-798500 850000
-798000 849500
-797000 849500
-796000 849500
-795500 849000
-795000 848500
-794000 848500
-793500 848000
-793000 847500
-792000 847500
-791500 847000
-791000 846500
-790500 846000
-790000 845500
-789500 845000
-789000 844500
-788000 844500
-787500 844000
-787000 843500
-786000 843500
-785500 843000
-785000 842500
-784500 842000
-784000 841500
-783000 841500
-782500 841000
-782000 840500
-781500 840000
-781000 839500
-780500 839000
-780000 838500
-779500 838000
-779000 837500
-778500 837000
-778000 836500
-777500 836000
-777500 835000
-777000 834500
-776500 834000
-776000 833500
-775500 833000
-775000 832500
-774500 832000
-774000 831500
-773500 831000
-773000 830500
-772500 830000
-772000 829500
-771500 829000
-771000 828500
-770500 828000
-770000 827500
-769500 827000
-769000 826500
-768500 826000
-768500 825000
-768000 824500
-767500 824000
-767000 823500
-766500 823000
-766000 822500
-765500 822000
-765000 821500
-764500 821000
-764000 820500
-763500 820000
-763000 819500
-762500 819000
-762000 818500
-761500 818000
-761500 817000
-761000 816500
-760500 816000
-760000 815500
-759500 815000
-759000 814500
-758500 814000
-758000 813500
-757500 813000
-757000 812500
-756500 812000
-756000 811500
-755500 811000
-755500 810000
-755000 809500
-754500 809000
-754000 808500
-753500 808000
-753000 807500
-752500 807000
-752500 806000
-752000 805500
-751500 805000
-751500 804000
-751000 803500
-750500 803000
-750000 802500
-749500 802000
-749500 801000
-749000 800500
-748500 800000
-748500 799000
-748000 798500
-747500 798000
-747500 797000
-747000 796500
-746500 796000
-746500 795000
-746500 794000
-747000 793500
-747500 793000
-748000 792500
-748500 793000
-749000 793500
-750000 793500
-751000 793500
-752000 793500
-752500 793000
-753000 792500
-753500 792000
-754000 791500
-754500 791000
-754500 790000
-755000 789500
-755500 789000
-755500 788000
-755000 787500
-754500 787000
-754500 786000
-754000 785500
-753000 785500
-752500 785000
-752000 784500
-751000 784500
-750000 784500
-749500 784000
-749000 783500
-748000 783500
-747000 783500
-746500 783000
-746000 782500
-745000 782500
-744000 782500
-743000 782500
-742000 782500
-741000 782500
-740500 782000
-740000 781500
-739000 781500
-738500 781000
-738500 780000
-738000 779500
-737500 779000
-737500 778000
-737500 777000
-737000 776500
-736500 776000
-736500 775000
-736500 774000
-736500 773000
-736000 772500
-735500 772000
-735500 771000
-735500 770000
-735500 769000
-735500 768000
-735500 767000
-735500 766000
-735500 765000
-735500 764000
-735500 763000
-735500 762000
-735500 761000
-735500 760000
-735500 759000
-736000 758500
-736500 758000
-736500 757000
-736500 756000
-736500 755000
-736500 754000
-736500 753000
-736500 752000
-736500 751000
-736500 750000
-736500 749000
-736500 748000
-736500 747000
-736500 746000
-736500 745000
-737000 744500
-737500 744000
-737500 743000
-737500 742000
-737500 741000
-737500 740000
-737500 739000
-737500 738000
-737500 737000
-738000 736500
-738500 736000
-738500 735000
-738500 734000
-738500 733000
-738500 732000
-738500 731000
-738500 730000
-739000 729500
-739500 729000
-739500 728000
-739500 727000
-739500 726000
-739500 725000
-739500 724000
-739500 723000
-739500 722000
-740000 721500
-740500 721000
-740500 720000
-740500 719000
-740500 718000
-740500 717000
-740500 716000
-741000 715500
-741500 715000
-741500 714000
-741500 713000
-742000 712500
-742500 712000
-742500 711000
-743000 710500
-743500 710000
-743500 709000
-743500 708000
-743500 707000
-744000 706500
-744500 706000
-744500 705000
-744500 704000
-745000 703500
-745500 703000
-745500 702000
-745500 701000
-746000 700500
-746500 700000
-747000 699500
-747500 699000
-747500 698000
-747500 697000
-748000 696500
-748500 696000
-748500 695000
-749000 694500
-749500 694000
-749500 693000
-750000 692500
-750500 692000
-750500 691000
-750500 690000
-751000 689500
-751500 689000
-751500 688000
-752000 687500
-752500 687000
-752500 686000
-753000 685500
-753500 685000
-754000 684500
-754500 684000
-754500 683000
-755000 682500
-755500 682000
-756000 681500
-756500 681000
-756500 680000
-757000 679500
-757500 679000
-758000 678500
-759000 678500
-759500 678000
-760000 677500
-760500 677000
-761000 676500
-762000 676500
-762500 676000
-763000 675500
-764000 675500
-764500 675000
-765000 674500
-765500 674000
-766000 673500
-766500 673000
-767000 672500
-767500 672000
-768000 671500
-768500 671000
-769000 670500
-770000 670500
-770500 670000
-771000 669500
-772000 669500
-772500 669000
-772500 668000
-772500 667000
-772500 666000
-773000 665500
-773500 665000
-773500 664000
-773500 663000
-774000 662500
-774500 662000
-774500 661000
-774500 660000
-774000 659500
-773500 659000
-773500 658000
-773500 657000
-773500 656000
-773500 655000
-773000 654500
-772500 654000
-772000 653500
-771500 653000
-771000 652500
-770500 652000
-770000 651500
-769000 651500
-768000 651500
-767500 651000
-767000 650500
-766500 650000
-766000 649500
-765500 649000
-765500 648000
-765500 647000
-765500 646000
-765500 645000
-765500 644000
-765500 643000
-766000 642500
-766500 642000
-766500 641000
-767000 640500
-767500 640000
-767500 639000
-767500 638000
-767500 637000
-768000 636500
-768500 636000
-768500 635000
-769000 634500
-769500 634000
-769500 633000
-770000 632500
-770500 632000
-770500 631000
-771000 630500
-771500 630000
-771500 629000
-772000 628500
-772500 628000
-772500 627000
-773000 626500
-773500 626000
-773500 625000
-774000 624500
-774500 624000
-774500 623000
-775000 622500
-775500 622000
-775500 621000
-776000 620500
-776500 620000
-777000 619500
-777500 619000
-777500 618000
-777500 617000
-778000 616500
-778500 616000
-779000 615500
-779500 615000
-779500 614000
-780000 613500
-780500 613000
-780500 612000
-781000 611500
-781500 611000
-782000 610500
-782500 610000
-782500 609000
-782500 608000
-783000 607500
-783500 607000
-784000 606500
-784500 606000
-784500 605000
-785000 604500
-785500 604000
-786000 603500
-786500 603000
-786500 602000
-787000 601500
-787500 601000
-788000 600500
-788500 600000
-789000 599500
-789500 599000
-790000 598500
-790500 598000
-791000 597500
-791500 597000
-792000 596500
-792500 596000
-793000 595500
-793500 595000
-794000 594500
-794500 594000
-795000 593500
-795500 593000
-796000 592500
-796500 592000
-797000 591500
-797500 591000
-798000 590500
-798500 590000
-799000 589500
-799500 589000
-799500 588000
-800000 587500
-800500 587000
-801000 586500
-801500 586000
-802000 585500
-802500 585000
-803000 584500
-803500 584000
-804000 583500
-804500 583000
-805000 582500
-806000 582500
-807000 582500
-808000 582500
-809000 582500
-810000 582500
-811000 582500
-812000 582500
-812500 583000
-813000 583500
-813500 584000
-814000 584500
-815000 584500
-815500 585000
-816000 585500
-817000 585500
-817500 586000
-818000 586500
-819000 586500
-820000 586500
-820500 587000
-821000 587500
-821500 588000
-822000 588500
-822500 589000
-823000 589500
-824000 589500
-824500 590000
-825000 590500
-825500 591000
-826000 591500
-826500 592000
-827000 592500
-827500 593000
-828000 593500
-828500 594000
-829000 594500
-830000 594500
-830500 595000
-831000 595500
-831500 596000
-832000 596500
-833000 596500
-833500 597000
-834000 597500
-834500 598000
-834500 599000
-835000 599500
-835500 600000
-836000 600500
-836500 601000
-836500 602000
-836500 603000
-837000 603500
-837500 604000
-837000 604500
-836500 604000
-836000 603500
-835000 603500
-834500 603000
-834000 602500
-833500 602000
-833000 601500
-832500 602000
-832500 603000
-833000 603500
-833500 604000
-834000 604500
-834500 605000
-835000 605500
-835500 606000
-836000 606500
-836500 607000
-837000 607500
-837500 608000
-838000 608500
-838500 609000
-839000 609500
-839500 610000
-840000 610500
-840500 611000
-840500 612000
-841000 612500
-841500 613000
-842000 613500
-842500 614000
-843000 614500
-843500 615000
-843500 616000
-844000 616500
-844500 617000
-845000 617500
-845500 618000
-846000 618500
-846500 619000
-846500 620000
-847000 620500
-847500 621000
-848000 621500
-848500 622000
-848500 623000
-849000 623500
-849500 624000
-850000 624500
-850500 625000
-851000 625500
-851500 626000
-852000 626500
-852500 627000
-853000 627500
-853500 628000
-853500 629000
-854000 629500
-854500 630000
-855000 630500
-855500 631000
-856000 631500
-856500 632000
-856500 633000
-857000 633500
-857500 634000
-857000 634500
-856500 635000
-857000 635500
-857500 636000
-858000 636500
-858500 637000
-859000 637500
-860000 637500
-860500 638000
-861000 638500
-861500 639000
-862000 639500
-862500 640000
-863000 640500
-863500 641000
-864000 641500
-864500 642000
-865000 642500
-865500 643000
-865500 644000
-866000 644500
-866500 645000
-866500 646000
-867000 646500
-867500 647000
-868000 647500
-868500 648000
-868500 649000
-868000 649500
-867500 650000
-867000 650500
-866000 650500
-865000 650500
-864000 650500
-863000 650500
-862000 650500
-861500 650000
-861000 649500
-860500 649000
-860500 648000
-860000 647500
-859000 647500
-858500 648000
-858500 649000
-858500 650000
-858000 650500
-857500 651000
-857500 652000
-857500 653000
-857500 654000
-857500 655000
-858000 655500
-858500 656000
-858500 657000
-858500 658000
-858500 659000
-859000 659500
-859500 660000
-859500 661000
-860000 661500
-861000 661500
-861500 662000
-861500 663000
-861000 663500
-860500 664000
-860000 664500
-859500 665000
-859500 666000
-859000 666500
-858500 666000
-858500 665000
-858500 664000
-858500 663000
-858500 662000
-858000 661500
-857500 661000
-857000 660500
-856000 660500
-855500 660000
-855000 659500
-854000 659500
-853500 660000
-853000 660500
-852500 661000
-853000 661500
-853500 662000
-853500 663000
-853500 664000
-854000 664500
-854500 665000
-854500 666000
-855000 666500
-855500 667000
-855500 668000
-856000 668500
-856500 669000
-857000 669500
-857500 670000
-857000 670500
-856500 671000
-856000 671500
-855500 672000
-855500 673000
-856000 673500
-856500 673000
-857000 672500
-857500 672000
-858000 671500
-858500 671000
-859000 670500
-860000 670500
-860500 671000
-861000 671500
-861500 672000
-861500 673000
-861500 674000
-861500 675000
-861000 675500
-860500 676000
-860500 677000
-860500 678000
-860500 679000
-860500 680000
-860500 681000
-860000 681500
-859500 682000
-859000 682500
-858500 683000
-858500 684000
-859000 684500
-859500 685000
-859500 686000
-860000 686500
-860500 687000
-861000 687500
-861500 688000
-862000 688500
-862500 689000
-862500 690000
-862500 691000
-862500 692000
-863000 692500
-863500 693000
-863500 694000
-863500 695000
-863500 696000
-863500 697000
-863500 698000
-864000 698500
-864500 699000
-865000 699500
-865500 699000
-866000 698500
-866500 698000
-867000 697500
-868000 697500
-868500 698000
-868500 699000
-868500 700000
-868500 701000
-868500 702000
-868500 703000
-869000 703500
-869500 704000
-869500 705000
-869500 706000
-870000 706500
-870500 707000
-870500 708000
-870500 709000
-871000 709500
-871500 710000
-871500 711000
-871500 712000
-872000 712500
-872500 713000
-872500 714000
-873000 714500
-873500 715000
-873000 715500
-872500 716000
-872500 717000
-872500 718000
-872500 719000
-872500 720000
-873000 720500
-873500 721000
-874000 721500
-874500 722000
-874500 723000
-874500 724000
-875000 724500
-875500 725000
-876000 725500
-876500 726000
-876500 727000
-876500 728000
-877000 728500
-877500 729000
-877500 730000
-878000 730500
-879000 730500
-879500 731000
-879500 732000
-880000 732500
-880500 733000
-881000 733500
-882000 733500
-882500 734000
-883000 734500
-883500 735000
-884000 735500
-885000 735500
-886000 735500
-886500 736000
-887000 736500
-888000 736500
-889000 736500
-889500 737000
-890000 737500
-890500 738000
-891000 738500
-891500 739000
-892000 739500
-893000 739500
-894000 739500
-895000 739500
-896000 739500
-896500 740000
-897000 740500
-897500 741000
-898000 741500
-899000 741500
-899500 741000
-900000 740500
-901000 740500
-901500 740000
-902000 739500
-903000 739500
-904000 739500
-904500 740000
-905000 740500
-905500 741000
-905500 742000
-906000 742500
-906500 743000
-907000 743500
-907500 744000
-908000 744500
-908500 745000
-908500 746000
-909000 746500
-909500 747000
-909500 748000
-910000 748500
-910500 749000
-910500 750000
-911000 750500
-912000 750500
-912500 751000
-912500 752000
-913000 752500
-913500 753000
-913500 754000
-914000 754500
-915000 754500
-915500 755000
-916000 755500
-916500 756000
-917000 756500
-917500 757000
-918000 757500
-918500 758000
-919000 758500
-919500 759000
-920000 759500
-920500 760000
-921000 760500
-922000 760500
-922500 761000
-923000 761500
-923500 762000
-924000 762500
-924500 763000
-925000 763500
-926000 763500
-927000 763500
-928000 763500
-928500 764000
-929000 764500
-929500 765000
-929500 766000
-929500 767000
-929500 768000
-929500 769000
-929000 769500
-928500 770000
-929000 770500
-929500 771000
-930000 771500
-930500 772000
-931000 772500
-931500 773000
-932000 773500
-932500 774000
-932500 775000
-933000 775500
-933500 776000
-933500 777000
-934000 777500
-934500 778000
-935000 778500
-935500 778000
-936000 777500
-937000 777500
-938000 777500
-938500 777000
-939000 776500
-939500 777000
-940000 777500
-940500 778000
-940500 779000
-941000 779500
-941500 780000
-942000 780500
-942500 781000
-942500 782000
-943000 782500
-943500 783000
-944000 783500
-944500 784000
-944500 785000
-945000 785500
-946000 785500
-946500 785000
-947000 784500
-947500 785000
-948000 785500
-948500 786000
-949000 786500
-949500 787000
-949500 788000
-949500 789000
-949500 790000
-950000 790500
-951000 790500
-951500 791000
-952000 791500
-952500 792000
-953000 792500
-953500 793000
-953500 794000
-954000 794500
-954500 795000
-954500 796000
-955000 796500
-955500 797000
-956000 797500
-956500 798000
-956500 799000
-957000 799500
-957500 800000
-957500 801000
-958000 801500
-958500 802000
-958500 803000
-959000 803500
-959500 804000
-959500 805000
-960000 805500
-960500 806000
-961000 806500
-961500 807000
-961500 808000
-962000 808500
-962500 809000
-963000 809500
-963500 810000
-963500 811000
-963500 812000
-964000 812500
-964500 813000
-964500 814000
-964500 815000
-965000 815500
-965500 816000
-965500 817000
-966000 817500
-966500 818000
-966500 819000
-967000 819500
-967500 820000
-967500 821000
-967500 822000
-968000 822500
-968500 823000
-968500 824000
-969000 824500
-969500 825000
-969500 826000
-969500 827000
-970000 827500
-970500 828000
-970500 829000
-971000 829500
-971500 830000
-971500 831000
-972000 831500
-972500 832000
-972500 833000
-973000 833500
-973500 834000
-973500 835000
-973500 836000
-974000 836500
-974500 837000
-974500 838000
-975000 838500
-975500 839000
-975500 840000
-975500 841000
-976000 841500
-976500 842000
-977000 842500
-977500 843000
-978000 843500
-979000 843500
-979500 844000
-979500 845000
-979500 846000
-980000 846500
-980500 847000
-980500 848000
-980500 849000
-980500 850000
-981000 850500
-982000 850500
-983000 850500
-983500 851000
-984000 851500
-984500 852000
-984500 853000
-984500 854000
-984500 855000
-984500 856000
-984500 857000
-984500 858000
-984500 859000
-984000 859500
-983500 860000
-983500 861000
-983500 862000
-983500 863000
-983500 864000
-983500 865000
-983500 866000
-983500 867000
-983500 868000
-983000 868500
-982500 869000
-982500 870000
-983000 870500
-983500 871000
-983500 872000
-983500 873000
-983500 874000
-983500 875000
-983500 876000
-983500 877000
-983500 878000
-983500 879000
-983500 880000
-983500 881000
-983500 882000
-983500 883000
-983500 884000
-983500 885000
-984000 885500
-984500 886000
-984000 886500
-983500 887000
-983500 888000
-983500 889000
-983000 889500
-982500 890000
-982500 891000
-982500 892000
-983000 892500
-983500 893000
-983500 894000
-983000 894500
-982500 895000
-982500 896000
-982500 897000
-982500 898000
-982500 899000
-982000 899500
-981500 900000
-981500 901000
-981000 901500
-980500 902000
-980500 903000
-980000 903500
-979500 904000
-979500 905000
-979000 905500
-978500 906000
-978000 906500
-977500 907000
-977000 907500
-976500 908000
-976000 908500
-975500 909000
-975000 909500
-974500 910000
-974000 910500
-973000 910500
-972500 911000
-972500 912000
-972000 912500
-971500 913000
-971000 913500
-970500 914000
-970000 914500
-969000 914500
-968500 915000
-968000 915500
-967000 915500
-966500 916000
-966000 916500
-965500 917000
-965000 917500
-964500 918000
-964000 918500
-963500 919000
-963000 919500
-962000 919500
-961500 920000
-961000 920500
-960500 921000
-960000 921500
-959000 921500
-958500 922000
-958000 922500
-957000 922500
-956000 922500
-955500 923000
-955000 923500
-954000 923500
-953500 924000
-953500 925000
-953000 925500
-952500 925000
-952000 924500
-951000 924500
-950500 925000
-950000 925500
-949000 925500
-948500 926000
-948000 926500
-947000 926500
-946000 926500
-945500 927000
-945000 927500
-944000 927500
-943000 927500
-942000 927500
-941000 927500
-940000 927500
-939500 928000
-939000 928500
-938000 928500
-937000 928500
-936000 928500
-935000 928500
-934500 929000
-934000 929500
-933000 929500
-932000 929500
-931000 929500
-930500 930000
-930000 930500
