-1032000 463500
-1031000 463500
-1030500 463000
-1030500 462000
-1030000 461500
-1029500 461000
-1029500 460000
-1029000 459500
-1028500 459000
-1029000 458500
-1029500 459000
-1030000 459500
-1030500 459000
-1030500 458000
-1030500 457000
-1030500 456000
-1030500 455000
-1030500 454000
-1030500 453000
-1031000 452500
-1031500 452000
-1031500 451000
-1031500 450000
-1032000 449500
-1032500 450000
-1033000 450500
-1033500 450000
-1033500 449000
-1033500 448000
-1033500 447000
-1034000 446500
-1034500 446000
-1034000 445500
-1033000 445500
-1032000 445500
-1031000 445500
-1030500 446000
-1030000 446500
-1029000 446500
-1028500 447000
-1028000 447500
-1027500 448000
-1027000 448500
-1026500 449000
-1026000 449500
-1025000 449500
-1024500 450000
-1024000 450500
-1023000 450500
-1022000 450500
-1021500 451000
-1021000 451500
-1020000 451500
-1019500 452000
-1019000 452500
-1018000 452500
-1017500 453000
-1017500 454000
-1017500 455000
-1017500 456000
-1017500 457000
-1017500 458000
-1017500 459000
-1017000 459500
-1016000 459500
-1015500 460000
-1015000 460500
-1014000 460500
-1013000 460500
-1012500 460000
-1012000 459500
-1011000 459500
-1010500 459000
-1010500 458000
-1010000 457500
-1009500 457000
-1010000 456500
-1011000 456500
-1011500 456000
-1011500 455000
-1011000 454500
-1010500 454000
-1010500 453000
-1010500 452000
-1010000 451500
-1009500 452000
-1009000 452500
-1008000 452500
-1007000 452500
-1006000 452500
-1005000 452500
-1004500 453000
-1004500 454000
-1004500 455000
-1004500 456000
-1004000 456500
-1003000 456500
-1002000 456500
-1001000 456500
-1000500 456000
-1000000 455500
-999000 455500
-998500 455000
-998000 454500
-997000 454500
-996000 454500
-995000 454500
-994500 454000
-994500 453000
-994000 452500
-993500 452000
-993500 451000
-993500 450000
-993000 449500
-992500 449000
-992500 448000
-992500 447000
-992000 446500
-991500 446000
-991500 445000
-991500 444000
-991000 443500
-990500 443000
-990000 442500
-989500 442000
-989500 441000
-989500 440000
-989500 439000
-989000 438500
-988500 438000
-988500 437000
-988000 436500
-987500 436000
-988000 435500
-988500 435000
-989000 434500
-989500 434000
-990000 433500
-991000 433500
-992000 433500
-992500 434000
-993000 434500
-994000 434500
-995000 434500
-995500 435000
-995500 436000
-996000 436500
-997000 436500
-997500 437000
-998000 437500
-999000 437500
-1000000 437500
-1001000 437500
-1002000 437500
-1002500 437000
-1003000 436500
-1003500 436000
-1003500 435000
-1004000 434500
-1005000 434500
-1006000 434500
-1006500 434000
-1007000 433500
-1008000 433500
-1009000 433500
-1009500 433000
-1009000 432500
-1008500 432000
-1008500 431000
-1008500 430000
-1009000 429500
-1010000 429500
-1010500 429000
-1011000 428500
-1011500 429000
-1012000 429500
-1013000 429500
-1013500 430000
-1014000 430500
-1015000 430500
-1015500 431000
-1015500 432000
-1016000 432500
-1016500 433000
-1017000 433500
-1017500 434000
-1018000 434500
-1018500 435000
-1019000 435500
-1019500 436000
-1020000 436500
-1020500 437000
-1021000 437500
-1022000 437500
-1022500 437000
-1023000 436500
-1024000 436500
-1024500 436000
-1025000 435500
-1026000 435500
-1027000 435500
-1027500 435000
-1028000 434500
-1029000 434500
-1030000 434500
-1031000 434500
-1031500 434000
-1032000 433500
-1033000 433500
-1033500 433000
-1034000 432500
-1035000 432500
-1035500 432000
-1036000 431500
-1037000 431500
-1037500 431000
-1038000 430500
-1039000 430500
-1039500 430000
-1040000 429500
-1041000 429500
-1042000 429500
-1043000 429500
-1044000 429500
-1044500 429000
-1045000 428500
-1046000 428500
-1047000 428500
-1048000 428500
-1049000 428500
-1050000 428500
-1051000 428500
-1052000 428500
-1053000 428500
-1053500 429000
-1054000 429500
-1054500 430000
-1054500 431000
-1055000 431500
-1055500 432000
-1055500 433000
-1055000 433500
-1054000 433500
-1053500 434000
-1053000 434500
-1052500 434000
-1052000 433500
-1051500 434000
-1052000 434500
-1052500 435000
-1052000 435500
-1051000 435500
-1050000 435500
-1049500 436000
-1049500 437000
-1049500 438000
-1049000 438500
-1048500 439000
-1048500 440000
-1048500 441000
-1048000 441500
-1047500 442000
-1047000 442500
-1046500 443000
-1046500 444000
-1046500 445000
-1046000 445500
-1045000 445500
-1044500 445000
-1044000 444500
-1043500 445000
-1043000 445500
-1042500 446000
-1042000 446500
-1041000 446500
-1040500 447000
-1040000 447500
-1039000 447500
-1038500 448000
-1038000 448500
-1037500 449000
-1037500 450000
-1037000 450500
-1036500 451000
-1036000 451500
-1035500 452000
-1035000 452500
-1034500 453000
-1035000 453500
-1035500 454000
-1035000 454500
-1034500 455000
-1034000 455500
-1033500 456000
-1033500 457000
-1033500 458000
-1033500 459000
-1033500 460000
-1033000 460500
-1032500 461000
-1032500 462000
-1032500 463000
-1032000 463500
