305000 -1288500
305500 -1289000
306000 -1289500
306500 -1290000
306500 -1291000
306500 -1292000
306500 -1293000
306500 -1294000
306500 -1295000
306000 -1295500
305500 -1296000
305500 -1297000
305500 -1298000
305500 -1299000
305000 -1299500
304500 -1300000
304500 -1301000
304500 -1302000
304500 -1303000
304500 -1304000
304000 -1304500
303500 -1305000
303500 -1306000
304000 -1306500
304500 -1306000
305000 -1305500
305500 -1305000
306000 -1304500
306500 -1305000
307000 -1305500
307500 -1306000
307000 -1306500
306000 -1306500
305500 -1307000
305000 -1307500
304500 -1308000
304500 -1309000
305000 -1309500
306000 -1309500
306500 -1310000
307000 -1310500
308000 -1310500
309000 -1310500
310000 -1310500
310500 -1311000
311000 -1311500
311500 -1311000
312000 -1310500
312500 -1311000
313000 -1311500
314000 -1311500
314500 -1311000
315000 -1310500
315500 -1311000
316000 -1311500
317000 -1311500
317500 -1312000
318000 -1312500
318500 -1313000
319000 -1313500
320000 -1313500
320500 -1314000
320500 -1315000
320500 -1316000
320500 -1317000
321000 -1317500
321500 -1318000
322000 -1318500
322500 -1318000
322000 -1317500
321500 -1317000
322000 -1316500
322500 -1317000
323000 -1317500
324000 -1317500
324500 -1318000
324500 -1319000
324500 -1320000
324500 -1321000
324500 -1322000
324000 -1322500
323500 -1323000
323000 -1323500
322500 -1324000
322000 -1324500
321500 -1325000
321000 -1325500
320500 -1326000
320500 -1327000
320500 -1328000
320500 -1329000
320500 -1330000
321000 -1330500
321500 -1331000
321000 -1331500
320500 -1332000
320500 -1333000
320000 -1333500
319500 -1334000
319500 -1335000
319500 -1336000
319500 -1337000
319000 -1337500
318500 -1338000
318500 -1339000
318500 -1340000
318000 -1340500
317500 -1341000
318000 -1341500
318500 -1342000
319000 -1342500
319500 -1343000
320000 -1343500
320500 -1344000
320500 -1345000
321000 -1345500
321500 -1346000
322000 -1346500
323000 -1346500
323500 -1347000
324000 -1347500
324500 -1348000
324500 -1349000
324500 -1350000
325000 -1350500
326000 -1350500
326500 -1351000
326500 -1352000
326500 -1353000
326500 -1354000
326500 -1355000
326500 -1356000
326500 -1357000
326000 -1357500
325500 -1358000
325500 -1359000
325000 -1359500
324500 -1360000
324000 -1360500
323500 -1361000
323500 -1362000
323000 -1362500
322000 -1362500
321000 -1362500
320000 -1362500
319500 -1363000
319000 -1363500
318000 -1363500
317000 -1363500
316000 -1363500
315500 -1363000
315000 -1362500
314500 -1362000
314000 -1361500
313500 -1361000
313000 -1360500
312500 -1360000
312500 -1359000
312000 -1358500
311500 -1358000
311500 -1357000
311000 -1356500
310500 -1356000
310500 -1355000
310000 -1354500
309500 -1354000
309500 -1353000
309500 -1352000
309500 -1351000
309500 -1350000
309500 -1349000
309500 -1348000
309000 -1347500
308500 -1347000
308000 -1346500
307500 -1346000
307000 -1345500
306500 -1345000
306000 -1344500
305000 -1344500
304500 -1344000
304000 -1343500
303000 -1343500
302500 -1343000
302000 -1342500
301000 -1342500
300000 -1342500
299500 -1342000
299000 -1341500
298500 -1341000
298000 -1340500
297000 -1340500
296500 -1341000
296000 -1341500
295000 -1341500
294000 -1341500
293000 -1341500
292000 -1341500
291500 -1341000
291000 -1340500
290500 -1341000
290000 -1341500
289500 -1342000
289000 -1342500
288000 -1342500
287500 -1343000
287000 -1343500
286000 -1343500
285500 -1344000
285500 -1345000
285000 -1345500
284500 -1346000
284500 -1347000
284000 -1347500
283000 -1347500
282500 -1348000
282000 -1348500
281000 -1348500
280500 -1349000
280000 -1349500
279000 -1349500
278000 -1349500
277000 -1349500
276000 -1349500
275000 -1349500
274000 -1349500
273500 -1349000
273000 -1348500
272000 -1348500
271500 -1348000
271000 -1347500
270500 -1347000
270000 -1346500
269000 -1346500
268000 -1346500
267000 -1346500
266000 -1346500
265000 -1346500
264000 -1346500
263000 -1346500
262000 -1346500
261000 -1346500
260000 -1346500
259000 -1346500
258500 -1346000
258000 -1345500
257000 -1345500
256000 -1345500
255500 -1345000
255000 -1344500
254000 -1344500
253500 -1344000
253500 -1343000
253000 -1342500
252500 -1342000
252500 -1341000
252000 -1340500
251500 -1340000
251500 -1339000
251500 -1338000
251500 -1337000
252000 -1336500
252500 -1336000
253000 -1335500
253500 -1335000
253500 -1334000
254000 -1333500
254500 -1333000
255000 -1332500
255500 -1332000
255500 -1331000
256000 -1330500
256500 -1330000
257000 -1329500
258000 -1329500
258500 -1329000
258500 -1328000
258500 -1327000
258500 -1326000
259000 -1325500
259500 -1325000
259500 -1324000
259500 -1323000
260000 -1322500
260500 -1322000
261000 -1321500
261500 -1321000
262000 -1320500
262500 -1320000
263000 -1319500
264000 -1319500
265000 -1319500
265500 -1319000
265500 -1318000
266000 -1317500
266500 -1317000
266500 -1316000
266500 -1315000
267000 -1314500
268000 -1314500
268500 -1315000
269000 -1315500
269500 -1315000
270000 -1314500
270500 -1315000
271000 -1315500
272000 -1315500
273000 -1315500
274000 -1315500
274500 -1316000
275000 -1316500
275500 -1317000
276000 -1317500
276500 -1318000
277000 -1318500
278000 -1318500
278500 -1318000
279000 -1317500
280000 -1317500
281000 -1317500
281500 -1317000
282000 -1316500
282500 -1317000
283000 -1317500
284000 -1317500
285000 -1317500
286000 -1317500
287000 -1317500
287500 -1318000
288000 -1318500
288500 -1318000
289000 -1317500
290000 -1317500
290500 -1317000
291000 -1316500
291500 -1316000
292000 -1315500
292500 -1315000
292500 -1314000
292500 -1313000
293000 -1312500
294000 -1312500
294500 -1312000
295000 -1311500
295500 -1311000
295500 -1310000
295000 -1309500
294500 -1309000
295000 -1308500
295500 -1308000
296000 -1307500
296500 -1307000
296500 -1306000
296500 -1305000
297000 -1304500
297500 -1304000
297500 -1303000
298000 -1302500
298500 -1302000
299000 -1301500
299500 -1301000
300000 -1300500
301000 -1300500
301500 -1300000
301500 -1299000
301500 -1298000
301500 -1297000
302000 -1296500
302500 -1296000
302500 -1295000
302500 -1294000
302500 -1293000
302500 -1292000
303000 -1291500
303500 -1291000
303000 -1290500
302500 -1290000
303000 -1289500
304000 -1289500
304500 -1289000
305000 -1288500
