-393000 -1034500
-392000 -1034500
-391000 -1034500
-390000 -1034500
-389500 -1035000
-389000 -1035500
-388000 -1035500
-387000 -1035500
-386000 -1035500
-385500 -1036000
-385000 -1036500
-384000 -1036500
-383000 -1036500
-382500 -1037000
-382000 -1037500
-381000 -1037500
-380000 -1037500
-379500 -1038000
-379000 -1038500
-378000 -1038500
-377000 -1038500
-376500 -1039000
-376000 -1039500
-375000 -1039500
-374500 -1040000
-374000 -1040500
-373000 -1040500
-372000 -1040500
-371500 -1041000
-371000 -1041500
-370000 -1041500
-369500 -1042000
-369000 -1042500
-368000 -1042500
-367000 -1042500
-366500 -1043000
-366000 -1043500
-365000 -1043500
-364500 -1044000
-364000 -1044500
-363000 -1044500
-362500 -1045000
-362000 -1045500
-361000 -1045500
-360500 -1046000
-360000 -1046500
-359000 -1046500
-358500 -1047000
-358000 -1047500
-357500 -1048000
-357000 -1048500
-356500 -1049000
-356000 -1049500
-355500 -1050000
-355000 -1050500
-354500 -1051000
-354000 -1051500
-353000 -1051500
-352500 -1052000
-352500 -1053000
-352000 -1053500
-351000 -1053500
-350500 -1054000
-350500 -1055000
-350000 -1055500
-349000 -1055500
-348500 -1056000
-348500 -1057000
-348000 -1057500
-347500 -1058000
-347000 -1058500
-346500 -1059000
-346500 -1060000
-346000 -1060500
-345500 -1061000
-345500 -1062000
-345000 -1062500
-344500 -1063000
-344000 -1063500
-343500 -1064000
-343500 -1065000
-343500 -1066000
-343000 -1066500
-342500 -1067000
-342000 -1067500
-341500 -1068000
-341500 -1069000
-341500 -1070000
-341000 -1070500
-340500 -1071000
-340500 -1072000
-340000 -1072500
-339500 -1073000
-339500 -1074000
-339000 -1074500
-338500 -1075000
-338500 -1076000
-338000 -1076500
-337500 -1077000
-337000 -1077500
-336500 -1078000
-336000 -1078500
-335500 -1079000
-335000 -1079500
-334500 -1080000
-334000 -1080500
-333500 -1081000
-333500 -1082000
-333000 -1082500
-332500 -1083000
-332500 -1084000
-332000 -1084500
-331500 -1085000
-331500 -1086000
-331000 -1086500
-330500 -1087000
-330000 -1087500
-329500 -1088000
-329500 -1089000
-329500 -1090000
-329500 -1091000
-329000 -1091500
-328500 -1092000
-328500 -1093000
-328000 -1093500
-327500 -1094000
-327500 -1095000
-327500 -1096000
-327000 -1096500
-326500 -1097000
-326000 -1097500
-325500 -1098000
-325500 -1099000
-325500 -1100000
-325500 -1101000
-325000 -1101500
-324500 -1102000
-324500 -1103000
-324000 -1103500
-323000 -1103500
-322500 -1104000
-322000 -1104500
-321500 -1105000
-321500 -1106000
-321000 -1106500
-320500 -1107000
-320000 -1107500
-319500 -1108000
-319500 -1109000
-319000 -1109500
-318500 -1110000
-318500 -1111000
-318500 -1112000
-318000 -1112500
-317500 -1113000
-317500 -1114000
-317500 -1115000
-317500 -1116000
-317500 -1117000
-317500 -1118000
-317000 -1118500
-316500 -1119000
-316500 -1120000
-316500 -1121000
-316000 -1121500
-315500 -1122000
-315500 -1123000
-316000 -1123500
-317000 -1123500
-317500 -1124000
-317500 -1125000
-317500 -1126000
-317500 -1127000
-317500 -1128000
-317500 -1129000
-317500 -1130000
-317500 -1131000
-318000 -1131500
-318500 -1132000
-318500 -1133000
-319000 -1133500
-319500 -1134000
-319500 -1135000
-319500 -1136000
-320000 -1136500
-320500 -1137000
-320500 -1138000
-320500 -1139000
-321000 -1139500
-321500 -1140000
-321500 -1141000
-321500 -1142000
-321500 -1143000
-322000 -1143500
-323000 -1143500
-323500 -1144000
-323500 -1145000
-324000 -1145500
-324500 -1146000
-324500 -1147000
-324500 -1148000
-324500 -1149000
-325000 -1149500
-325500 -1150000
-325500 -1151000
-326000 -1151500
-326500 -1152000
-327000 -1152500
-327500 -1153000
-327500 -1154000
-328000 -1154500
-329000 -1154500
-329500 -1155000
-330000 -1155500
-331000 -1155500
-332000 -1155500
-332500 -1156000
-332500 -1157000
-333000 -1157500
-333500 -1158000
-334000 -1158500
-335000 -1158500
-336000 -1158500
-337000 -1158500
-337500 -1159000
-337000 -1159500
-336500 -1160000
-336500 -1161000
-337000 -1161500
-337500 -1162000
-338000 -1162500
-339000 -1162500
-339500 -1163000
-339500 -1164000
-340000 -1164500
-341000 -1164500
-342000 -1164500
-342500 -1165000
-342500 -1166000
-343000 -1166500
-343500 -1167000
-344000 -1167500
-344500 -1168000
-344500 -1169000
-345000 -1169500
-346000 -1169500
-347000 -1169500
-347500 -1170000
-348000 -1170500
-349000 -1170500
-350000 -1170500
-350500 -1171000
-351000 -1171500
-351500 -1172000
-352000 -1172500
-352500 -1173000
-352500 -1174000
-352500 -1175000
-352500 -1176000
-352500 -1177000
-353000 -1177500
-353500 -1178000
-354000 -1178500
-354500 -1178000
-355000 -1177500
-356000 -1177500
-357000 -1177500
-357500 -1177000
-358000 -1176500
-358500 -1176000
-359000 -1175500
-359500 -1175000
-360000 -1174500
-361000 -1174500
-362000 -1174500
-362500 -1174000
-362500 -1173000
-363000 -1172500
-364000 -1172500
-364500 -1172000
-365000 -1171500
-365500 -1171000
-366000 -1170500
-367000 -1170500
-368000 -1170500
-369000 -1170500
-369500 -1170000
-370000 -1169500
-370500 -1169000
-371000 -1168500
-371500 -1168000
-371500 -1167000
-371500 -1166000
-371500 -1165000
-372000 -1164500
-373000 -1164500
-373500 -1164000
-374000 -1163500
-374500 -1163000
-375000 -1162500
-376000 -1162500
-376500 -1162000
-377000 -1161500
-377500 -1161000
-378000 -1160500
-378500 -1160000
-378500 -1159000
-378500 -1158000
-379000 -1157500
-379500 -1157000
-379500 -1156000
-379500 -1155000
-380000 -1154500
-380500 -1154000
-380500 -1153000
-380500 -1152000
-380500 -1151000
-380500 -1150000
-380500 -1149000
-381000 -1148500
-381500 -1148000
-381500 -1147000
-381500 -1146000
-382000 -1145500
-382500 -1145000
-382500 -1144000
-382500 -1143000
-383000 -1142500
-383500 -1142000
-383500 -1141000
-384000 -1140500
-384500 -1140000
-384500 -1139000
-384000 -1138500
-383500 -1138000
-383500 -1137000
-383500 -1136000
-383500 -1135000
-383500 -1134000
-384000 -1133500
-384500 -1133000
-384500 -1132000
-385000 -1131500
-385500 -1131000
-385500 -1130000
-386000 -1129500
-386500 -1129000
-386000 -1128500
-385500 -1128000
-386000 -1127500
-386500 -1127000
-386500 -1126000
-387000 -1125500
-387500 -1125000
-387500 -1124000
-387500 -1123000
-387500 -1122000
-388000 -1121500
-388500 -1121000
-388500 -1120000
-389000 -1119500
-389500 -1119000
-389500 -1118000
-389500 -1117000
-390000 -1116500
-390500 -1116000
-390500 -1115000
-390500 -1114000
-390500 -1113000
-391000 -1112500
-391500 -1112000
-391500 -1111000
-391500 -1110000
-392000 -1109500
-392500 -1109000
-392500 -1108000
-393000 -1107500
-393500 -1107000
-393500 -1106000
-394000 -1105500
-394500 -1105000
-394500 -1104000
-394000 -1103500
-393500 -1103000
-393500 -1102000
-394000 -1101500
-394500 -1101000
-394500 -1100000
-394500 -1099000
-395000 -1098500
-395500 -1098000
-396000 -1097500
-396500 -1097000
-396500 -1096000
-397000 -1095500
-397500 -1095000
-397500 -1094000
-397500 -1093000
-398000 -1092500
-398500 -1092000
-398500 -1091000
-399000 -1090500
-399500 -1090000
-400000 -1089500
-400500 -1089000
-400500 -1088000
-400500 -1087000
-400500 -1086000
-401000 -1085500
-401500 -1085000
-401500 -1084000
-401500 -1083000
-401500 -1082000
-401500 -1081000
-401500 -1080000
-401500 -1079000
-401500 -1078000
-401500 -1077000
-401500 -1076000
-401500 -1075000
-401500 -1074000
-401000 -1073500
-400500 -1073000
-401000 -1072500
-401500 -1072000
-401500 -1071000
-401500 -1070000
-401500 -1069000
-402000 -1068500
-402500 -1068000
-402500 -1067000
-402500 -1066000
-402000 -1065500
-401500 -1065000
-401500 -1064000
-401500 -1063000
-401500 -1062000
-402000 -1061500
-402500 -1061000
-402500 -1060000
-402500 -1059000
-402000 -1058500
-401500 -1058000
-401500 -1057000
-401000 -1056500
-400500 -1056000
-400500 -1055000
-400500 -1054000
-400500 -1053000
-400500 -1052000
-400500 -1051000
-400500 -1050000
-400500 -1049000
-401000 -1048500
-401500 -1048000
-401500 -1047000
-401500 -1046000
-401500 -1045000
-401500 -1044000
-401500 -1043000
-401000 -1042500
-400500 -1042000
-400500 -1041000
-400500 -1040000
-400000 -1039500
-399500 -1039000
-399000 -1038500
-398500 -1038000
-398000 -1037500
-397500 -1037000
-397000 -1036500
-396500 -1036000
-396000 -1035500
-395000 -1035500
-394000 -1035500
-393500 -1035000
-393000 -1034500
