-1437000 -959500
-1436000 -959500
-1435000 -959500
-1434500 -960000
-1434000 -960500
-1433500 -960000
-1433000 -959500
-1432000 -959500
-1431000 -959500
-1430000 -959500
-1429000 -959500
-1428000 -959500
-1427500 -960000
-1427000 -960500
-1426500 -961000
-1426000 -961500
-1425500 -962000
-1425500 -963000
-1426000 -963500
-1426500 -964000
-1426500 -965000
-1426500 -966000
-1427000 -966500
-1427500 -967000
-1427000 -967500
-1426500 -968000
-1426500 -969000
-1426500 -970000
-1426500 -971000
-1426000 -971500
-1425500 -972000
-1425500 -973000
-1425000 -973500
-1424500 -974000
-1424000 -974500
-1423500 -975000
-1423000 -975500
-1422500 -976000
-1422000 -976500
-1421500 -977000
-1421500 -978000
-1421000 -978500
-1420500 -979000
-1420000 -979500
-1419500 -980000
-1419000 -980500
-1418000 -980500
-1417500 -981000
-1417500 -982000
-1417000 -982500
-1416500 -983000
-1416000 -983500
-1415500 -984000
-1416000 -984500
-1416500 -985000
-1416500 -986000
-1416500 -987000
-1416000 -987500
-1415000 -987500
-1414500 -988000
-1414500 -989000
-1414500 -990000
-1414500 -991000
-1414500 -992000
-1415000 -992500
-1415500 -993000
-1415500 -994000
-1415500 -995000
-1415000 -995500
-1414500 -996000
-1414500 -997000
-1414500 -998000
-1414500 -999000
-1415000 -999500
-1416000 -999500
-1417000 -999500
-1417500 -999000
-1418000 -998500
-1419000 -998500
-1420000 -998500
-1420500 -999000
-1420000 -999500
-1419500 -1000000
-1420000 -1000500
-1420500 -1001000
-1420500 -1002000
-1420500 -1003000
-1420000 -1003500
-1419500 -1004000
-1419500 -1005000
-1419500 -1006000
-1419500 -1007000
-1419500 -1008000
-1419500 -1009000
-1419500 -1010000
-1419000 -1010500
-1418500 -1011000
-1418500 -1012000
-1418000 -1012500
-1417500 -1013000
-1417500 -1014000
-1417500 -1015000
-1417500 -1016000
-1417500 -1017000
-1417500 -1018000
-1417500 -1019000
-1417500 -1020000
-1418000 -1020500
-1418500 -1021000
-1419000 -1021500
-1419500 -1022000
-1419500 -1023000
-1419500 -1024000
-1420000 -1024500
-1421000 -1024500
-1422000 -1024500
-1422500 -1025000
-1422000 -1025500
-1421500 -1026000
-1421000 -1026500
-1420500 -1027000
-1420500 -1028000
-1420500 -1029000
-1420500 -1030000
-1421000 -1030500
-1421500 -1031000
-1421500 -1032000
-1422000 -1032500
-1422500 -1033000
-1422500 -1034000
-1422500 -1035000
-1422500 -1036000
-1422500 -1037000
-1422500 -1038000
-1422500 -1039000
-1422500 -1040000
-1422500 -1041000
-1422500 -1042000
-1422500 -1043000
-1422500 -1044000
-1422000 -1044500
-1421500 -1045000
-1421500 -1046000
-1421500 -1047000
-1421000 -1047500
-1420500 -1048000
-1420500 -1049000
-1420500 -1050000
-1421000 -1050500
-1422000 -1050500
-1423000 -1050500
-1424000 -1050500
-1425000 -1050500
-1425500 -1051000
-1426000 -1051500
-1426500 -1052000
-1427000 -1052500
-1427500 -1053000
-1428000 -1053500
-1428500 -1054000
-1428500 -1055000
-1428000 -1055500
-1427500 -1056000
-1428000 -1056500
-1428500 -1057000
-1429000 -1057500
-1429500 -1058000
-1430000 -1058500
-1431000 -1058500
-1432000 -1058500
-1433000 -1058500
-1433500 -1059000
-1433500 -1060000
-1433500 -1061000
-1433500 -1062000
-1433000 -1062500
-1432500 -1063000
-1433000 -1063500
-1434000 -1063500
-1435000 -1063500
-1435500 -1064000
-1435000 -1064500
-1434500 -1065000
-1434000 -1065500
-1433500 -1066000
-1433000 -1066500
-1432000 -1066500
-1431500 -1067000
-1432000 -1067500
-1432500 -1068000
-1432000 -1068500
-1431500 -1069000
-1431000 -1069500
-1430500 -1070000
-1431000 -1070500
-1431500 -1071000
-1431500 -1072000
-1431000 -1072500
-1430500 -1073000
-1430000 -1073500
-1429500 -1073000
-1429000 -1072500
-1428000 -1072500
-1427500 -1073000
-1427000 -1073500
-1426000 -1073500
-1425500 -1073000
-1425000 -1072500
-1424500 -1072000
-1424000 -1071500
-1423500 -1071000
-1423000 -1070500
-1422500 -1070000
-1422000 -1069500
-1421000 -1069500
-1420500 -1070000
-1420000 -1070500
-1419000 -1070500
-1418500 -1071000
-1418500 -1072000
-1418000 -1072500
-1417500 -1073000
-1417500 -1074000
-1417500 -1075000
-1417500 -1076000
-1417000 -1076500
-1416500 -1077000
-1416500 -1078000
-1417000 -1078500
-1418000 -1078500
-1418500 -1079000
-1419000 -1079500
-1419500 -1080000
-1420000 -1080500
-1421000 -1080500
-1421500 -1081000
-1422000 -1081500
-1422500 -1082000
-1423000 -1082500
-1424000 -1082500
-1425000 -1082500
-1425500 -1083000
-1426000 -1083500
-1427000 -1083500
-1428000 -1083500
-1429000 -1083500
-1429500 -1084000
-1429500 -1085000
-1429500 -1086000
-1429000 -1086500
-1428500 -1087000
-1428500 -1088000
-1428500 -1089000
-1428000 -1089500
-1427500 -1090000
-1428000 -1090500
-1429000 -1090500
-1429500 -1091000
-1429000 -1091500
-1428500 -1092000
-1428000 -1092500
-1427500 -1093000
-1427500 -1094000
-1428000 -1094500
-1429000 -1094500
-1429500 -1094000
-1430000 -1093500
-1430500 -1094000
-1431000 -1094500
-1431500 -1095000
-1431500 -1096000
-1432000 -1096500
-1432500 -1097000
-1433000 -1097500
-1434000 -1097500
-1434500 -1098000
-1434500 -1099000
-1435000 -1099500
-1435500 -1100000
-1436000 -1100500
-1436500 -1101000
-1436500 -1102000
-1437000 -1102500
-1437500 -1103000
-1438000 -1103500
-1439000 -1103500
-1440000 -1103500
-1440500 -1104000
-1441000 -1104500
-1442000 -1104500
-1442500 -1104000
-1443000 -1103500
-1443500 -1104000
-1444000 -1104500
-1445000 -1104500
-1445500 -1105000
-1446000 -1105500
-1447000 -1105500
-1448000 -1105500
-1448500 -1106000
-1449000 -1106500
-1450000 -1106500
-1450500 -1106000
-1451000 -1105500
-1452000 -1105500
-1452500 -1105000
-1453000 -1104500
-1454000 -1104500
-1454500 -1105000
-1455000 -1105500
-1455500 -1105000
-1455500 -1104000
-1456000 -1103500
-1457000 -1103500
-1458000 -1103500
-1458500 -1103000
-1458500 -1102000
-1458500 -1101000
-1459000 -1100500
-1460000 -1100500
-1460500 -1100000
-1461000 -1099500
-1462000 -1099500
-1462500 -1099000
-1462500 -1098000
-1463000 -1097500
-1464000 -1097500
-1464500 -1097000
-1464500 -1096000
-1464000 -1095500
-1463500 -1095000
-1464000 -1094500
-1464500 -1094000
-1465000 -1093500
-1465500 -1093000
-1466000 -1092500
-1466500 -1092000
-1466500 -1091000
-1467000 -1090500
-1467500 -1090000
-1468000 -1089500
-1469000 -1089500
-1469500 -1089000
-1470000 -1088500
-1471000 -1088500
-1471500 -1088000
-1472000 -1087500
-1473000 -1087500
-1473500 -1087000
-1473000 -1086500
-1472000 -1086500
-1471500 -1086000
-1472000 -1085500
-1472500 -1085000
-1473000 -1084500
-1473500 -1084000
-1474000 -1083500
-1474500 -1083000
-1475000 -1082500
-1475500 -1082000
-1476000 -1081500
-1476500 -1081000
-1476000 -1080500
-1475500 -1080000
-1476000 -1079500
-1476500 -1079000
-1476500 -1078000
-1476500 -1077000
-1477000 -1076500
-1477500 -1076000
-1477000 -1075500
-1476000 -1075500
-1475500 -1075000
-1475500 -1074000
-1475000 -1073500
-1474500 -1073000
-1474500 -1072000
-1474000 -1071500
-1473500 -1071000
-1473500 -1070000
-1473000 -1069500
-1472500 -1069000
-1472500 -1068000
-1472500 -1067000
-1472500 -1066000
-1472500 -1065000
-1472500 -1064000
-1472500 -1063000
-1472500 -1062000
-1472500 -1061000
-1473000 -1060500
-1473500 -1060000
-1473500 -1059000
-1473500 -1058000
-1473500 -1057000
-1473500 -1056000
-1473500 -1055000
-1473500 -1054000
-1473500 -1053000
-1473000 -1052500
-1472000 -1052500
-1471500 -1052000
-1471000 -1051500
-1470000 -1051500
-1469000 -1051500
-1468000 -1051500
-1467000 -1051500
-1466500 -1051000
-1466000 -1050500
-1465500 -1050000
-1465500 -1049000
-1465000 -1048500
-1464500 -1048000
-1464500 -1047000
-1464500 -1046000
-1464000 -1045500
-1463500 -1045000
-1463500 -1044000
-1463500 -1043000
-1463000 -1042500
-1462500 -1042000
-1462500 -1041000
-1462500 -1040000
-1462500 -1039000
-1462500 -1038000
-1463000 -1037500
-1463500 -1037000
-1463500 -1036000
-1463500 -1035000
-1463500 -1034000
-1463500 -1033000
-1463000 -1032500
-1462500 -1032000
-1462000 -1031500
-1461000 -1031500
-1460500 -1031000
-1460000 -1030500
-1459500 -1030000
-1459000 -1029500
-1458000 -1029500
-1457000 -1029500
-1456000 -1029500
-1455000 -1029500
-1454500 -1030000
-1454000 -1030500
-1453500 -1031000
-1453000 -1031500
-1452500 -1032000
-1452000 -1032500
-1451500 -1033000
-1451500 -1034000
-1451000 -1034500
-1450500 -1035000
-1450000 -1035500
-1449500 -1036000
-1449500 -1037000
-1449000 -1037500
-1448000 -1037500
-1447500 -1038000
-1447000 -1038500
-1446500 -1039000
-1446000 -1039500
-1445500 -1040000
-1445000 -1040500
-1444500 -1041000
-1444000 -1041500
-1443500 -1042000
-1443000 -1042500
-1442000 -1042500
-1441000 -1042500
-1440500 -1042000
-1440000 -1041500
-1439500 -1041000
-1439500 -1040000
-1439000 -1039500
-1438500 -1039000
-1438500 -1038000
-1438000 -1037500
-1437500 -1037000
-1437500 -1036000
-1437000 -1035500
-1436500 -1035000
-1437000 -1034500
-1437500 -1034000
-1437000 -1033500
-1436500 -1033000
-1436500 -1032000
-1437000 -1031500
-1437500 -1031000
-1438000 -1030500
-1439000 -1030500
-1439500 -1030000
-1440000 -1029500
-1441000 -1029500
-1441500 -1029000
-1442000 -1028500
-1443000 -1028500
-1444000 -1028500
-1444500 -1028000
-1445000 -1027500
-1445500 -1027000
-1446000 -1026500
-1446500 -1026000
-1447000 -1025500
-1447500 -1025000
-1447500 -1024000
-1447500 -1023000
-1447500 -1022000
-1447000 -1021500
-1446500 -1021000
-1446000 -1020500
-1445500 -1020000
-1446000 -1019500
-1446500 -1019000
-1446500 -1018000
-1447000 -1017500
-1447500 -1017000
-1447000 -1016500
-1446500 -1016000
-1446000 -1015500
-1445500 -1015000
-1445500 -1014000
-1445000 -1013500
-1444500 -1014000
-1444000 -1014500
-1443500 -1014000
-1443500 -1013000
-1443500 -1012000
-1443500 -1011000
-1444000 -1010500
-1444500 -1010000
-1445000 -1009500
-1446000 -1009500
-1446500 -1010000
-1447000 -1010500
-1447500 -1011000
-1448000 -1011500
-1449000 -1011500
-1449500 -1012000
-1450000 -1012500
-1450500 -1013000
-1451000 -1013500
-1451500 -1014000
-1452000 -1014500
-1452500 -1014000
-1453000 -1013500
-1453500 -1014000
-1454000 -1014500
-1454500 -1014000
-1455000 -1013500
-1456000 -1013500
-1456500 -1013000
-1457000 -1012500
-1457500 -1012000
-1458000 -1011500
-1459000 -1011500
-1460000 -1011500
-1461000 -1011500
-1462000 -1011500
-1463000 -1011500
-1464000 -1011500
-1465000 -1011500
-1465500 -1011000
-1465500 -1010000
-1466000 -1009500
-1466500 -1009000
-1466500 -1008000
-1466000 -1007500
-1465000 -1007500
-1464500 -1007000
-1464000 -1006500
-1463500 -1006000
-1463500 -1005000
-1463500 -1004000
-1463500 -1003000
-1463500 -1002000
-1464000 -1001500
-1464500 -1001000
-1464000 -1000500
-1463500 -1000000
-1463000 -999500
-1462500 -999000
-1462500 -998000
-1463000 -997500
-1463500 -997000
-1463500 -996000
-1463000 -995500
-1462500 -995000
-1463000 -994500
-1463500 -994000
-1463500 -993000
-1463500 -992000
-1463000 -991500
-1462500 -991000
-1463000 -990500
-1463500 -990000
-1463500 -989000
-1463500 -988000
-1463000 -987500
-1462500 -987000
-1462000 -986500
-1461500 -986000
-1461000 -985500
-1460000 -985500
-1459500 -986000
-1459000 -986500
-1458000 -986500
-1457000 -986500
-1456500 -987000
-1456000 -987500
-1455000 -987500
-1454000 -987500
-1453000 -987500
-1452500 -987000
-1452000 -986500
-1451500 -986000
-1451500 -985000
-1451500 -984000
-1451000 -983500
-1450500 -983000
-1450500 -982000
-1450000 -981500
-1449500 -981000
-1449500 -980000
-1450000 -979500
-1450500 -979000
-1450500 -978000
-1451000 -977500
-1451500 -977000
-1451000 -976500
-1450500 -976000
-1450000 -975500
-1449500 -976000
-1449000 -976500
-1448500 -976000
-1448500 -975000
-1448500 -974000
-1449000 -973500
-1449500 -973000
-1449500 -972000
-1449000 -971500
-1448000 -971500
-1447500 -971000
-1447500 -970000
-1447000 -969500
-1446500 -969000
-1447000 -968500
-1447500 -968000
-1447000 -967500
-1446000 -967500
-1445500 -967000
-1445000 -966500
-1444500 -966000
-1444000 -965500
-1443500 -965000
-1443000 -964500
-1442500 -964000
-1442000 -963500
-1441500 -963000
-1441000 -962500
-1440500 -962000
-1440000 -961500
-1439000 -961500
-1438000 -961500
-1437500 -961000
-1437500 -960000
-1437000 -959500
