-1877000 419500
-1876000 419500
-1875000 419500
-1874000 419500
-1873000 419500
-1872000 419500
-1871000 419500
-1870000 419500
-1869500 419000
-1869000 418500
-1868000 418500
-1867000 418500
-1866000 418500
-1865000 418500
-1864500 418000
-1864000 417500
-1863000 417500
-1862000 417500
-1861500 417000
-1861000 416500
-1860000 416500
-1859000 416500
-1858500 416000
-1858000 415500
-1857000 415500
-1856500 415000
-1856000 414500
-1855000 414500
-1854500 414000
-1854000 413500
-1853000 413500
-1852500 413000
-1852000 412500
-1851000 412500
-1850500 412000
-1850000 411500
-1849000 411500
-1848000 411500
-1847500 411000
-1847000 410500
-1846000 410500
-1845000 410500
-1844500 410000
-1844000 409500
-1843000 409500
-1842500 409000
-1842000 408500
-1841500 408000
-1841000 407500
-1840000 407500
-1839000 407500
-1838000 407500
-1837000 407500
-1836000 407500
-1835500 407000
-1835000 406500
-1834000 406500
-1833500 406000
-1833000 405500
-1832000 405500
-1831500 405000
-1831000 404500
-1830500 404000
-1830500 403000
-1831000 402500
-1831500 402000
-1831500 401000
-1831500 400000
-1831500 399000
-1831500 398000
-1832000 397500
-1832500 397000
-1832500 396000
-1832500 395000
-1832500 394000
-1832500 393000
-1832500 392000
-1832500 391000
-1832500 390000
-1832500 389000
-1832500 388000
-1833000 387500
-1833500 387000
-1833500 386000
-1833000 385500
-1832500 385000
-1832500 384000
-1832000 383500
-1831500 383000
-1831500 382000
-1831000 381500
-1830500 381000
-1830000 380500
-1829500 380000
-1829000 379500
-1828500 379000
-1828500 378000
-1828000 377500
-1827000 377500
-1826500 377000
-1826000 376500
-1825500 376000
-1825000 375500
-1824500 375000
-1824000 374500
-1823500 374000
-1823000 373500
-1822500 373000
-1822000 372500
-1821500 372000
-1821000 371500
-1820500 371000
-1820500 370000
-1820000 369500
-1819000 369500
-1818500 369000
-1818000 368500
-1817500 368000
-1817000 367500
-1816500 367000
-1816000 366500
-1815500 366000
-1815500 365000
-1815500 364000
-1815000 363500
-1814500 363000
-1814000 362500
-1813500 362000
-1813000 361500
-1812500 361000
-1812000 360500
-1811500 360000
-1811500 359000
-1811500 358000
-1812000 357500
-1812500 357000
-1812500 356000
-1813000 355500
-1814000 355500
-1814500 355000
-1815000 354500
-1815500 354000
-1816000 353500
-1816500 353000
-1817000 352500
-1818000 352500
-1818500 352000
-1819000 351500
-1820000 351500
-1821000 351500
-1821500 351000
-1822000 350500
-1822500 350000
-1823000 349500
-1824000 349500
-1824500 349000
-1825000 348500
-1826000 348500
-1827000 348500
-1827500 348000
-1828000 347500
-1829000 347500
-1830000 347500
-1830500 347000
-1831000 346500
-1832000 346500
-1833000 346500
-1834000 346500
-1835000 346500
-1836000 346500
-1837000 346500
-1838000 346500
-1839000 346500
-1839500 347000
-1840000 347500
-1841000 347500
-1841500 348000
-1842000 348500
-1842500 349000
-1842500 350000
-1843000 350500
-1843500 351000
-1843500 352000
-1844000 352500
-1844500 353000
-1844500 354000
-1845000 354500
-1845500 355000
-1845500 356000
-1845500 357000
-1846000 357500
-1846500 358000
-1846500 359000
-1846500 360000
-1846000 360500
-1845500 361000
-1845500 362000
-1845500 363000
-1845500 364000
-1845500 365000
-1846000 365500
-1846500 366000
-1847000 366500
-1847500 367000
-1847500 368000
-1848000 368500
-1848500 369000
-1849000 369500
-1849500 370000
-1850000 370500
-1851000 370500
-1851500 371000
-1852000 371500
-1853000 371500
-1854000 371500
-1855000 371500
-1856000 371500
-1857000 371500
-1858000 371500
-1858500 371000
-1859000 370500
-1860000 370500
-1861000 370500
-1862000 370500
-1862500 371000
-1863000 371500
-1864000 371500
-1864500 371000
-1865000 370500
-1866000 370500
-1867000 370500
-1868000 370500
-1868500 370000
-1869000 369500
-1870000 369500
-1871000 369500
-1871500 369000
-1872000 368500
-1873000 368500
-1874000 368500
-1874500 368000
-1875000 367500
-1876000 367500
-1876500 367000
-1877000 366500
-1877500 366000
-1878000 365500
-1878500 365000
-1879000 364500
-1880000 364500
-1880500 364000
-1881000 363500
-1881500 363000
-1881500 362000
-1881500 361000
-1881500 360000
-1881500 359000
-1882000 358500
-1883000 358500
-1883500 358000
-1884000 357500
-1885000 357500
-1886000 357500
-1887000 357500
-1888000 357500
-1889000 357500
-1890000 357500
-1890500 358000
-1891000 358500
-1891500 359000
-1892000 359500
-1892500 360000
-1893000 360500
-1894000 360500
-1894500 361000
-1895000 361500
-1896000 361500
-1897000 361500
-1897500 362000
-1898000 362500
-1898500 363000
-1899000 363500
-1899500 364000
-1899500 365000
-1900000 365500
-1900500 366000
-1900500 367000
-1900500 368000
-1900500 369000
-1901000 369500
-1901500 370000
-1901500 371000
-1902000 371500
-1902500 372000
-1902000 372500
-1901500 373000
-1901000 373500
-1900500 374000
-1900500 375000
-1900000 375500
-1899500 376000
-1899500 377000
-1899000 377500
-1898500 378000
-1898500 379000
-1898500 380000
-1898000 380500
-1897000 380500
-1896000 380500
-1895500 381000
-1895000 381500
-1894500 382000
-1894000 382500
-1893000 382500
-1892500 383000
-1892000 383500
-1891000 383500
-1890000 383500
-1889000 383500
-1888500 384000
-1888000 384500
-1887000 384500
-1886000 384500
-1885000 384500
-1884000 384500
-1883000 384500
-1882000 384500
-1881000 384500
-1880000 384500
-1879000 384500
-1878500 385000
-1878500 386000
-1878000 386500
-1877500 387000
-1877000 387500
-1876500 388000
-1876500 389000
-1876000 389500
-1875500 390000
-1875500 391000
-1875000 391500
-1874500 392000
-1874500 393000
-1874000 393500
-1873500 394000
-1873500 395000
-1873500 396000
-1873500 397000
-1873500 398000
-1873500 399000
-1874000 399500
-1874500 400000
-1874500 401000
-1875000 401500
-1875500 402000
-1876000 402500
-1876500 403000
-1876500 404000
-1877000 404500
-1877500 405000
-1878000 405500
-1878500 406000
-1879000 406500
-1879500 407000
-1880000 407500
-1880500 408000
-1881000 408500
-1881500 409000
-1882000 409500
-1882500 410000
-1882500 411000
-1882500 412000
-1882500 413000
-1882500 414000
-1882000 414500
-1881500 415000
-1881000 415500
-1880500 416000
-1880000 416500
-1879500 417000
-1879500 418000
-1879000 418500
-1878000 418500
-1877500 419000
-1877000 419500
