-2381000 977500
-2380000 977500
-2379000 977500
-2378000 977500
-2377500 977000
-2377000 976500
-2376000 976500
-2375000 976500
-2374500 976000
-2374500 975000
-2374000 974500
-2373000 974500
-2372500 974000
-2372000 973500
-2371500 973000
-2371500 972000
-2371500 971000
-2371000 970500
-2370500 970000
-2370000 969500
-2369000 969500
-2368500 969000
-2368500 968000
-2368500 967000
-2368500 966000
-2368000 965500
-2367500 965000
-2367000 964500
-2366000 964500
-2365000 964500
-2364500 964000
-2364500 963000
-2364500 962000
-2365000 961500
-2365500 961000
-2366000 960500
-2366500 960000
-2366000 959500
-2365500 959000
-2365500 958000
-2365000 957500
-2364000 957500
-2363000 957500
-2362000 957500
-2361500 957000
-2361500 956000
-2361000 955500
-2360500 955000
-2360000 954500
-2359000 954500
-2358500 954000
-2358500 953000
-2358000 952500
-2357500 952000
-2357000 951500
-2356000 951500
-2355500 951000
-2355000 950500
-2354500 950000
-2354000 949500
-2353000 949500
-2352500 950000
-2352000 950500
-2351000 950500
-2350500 951000
-2350000 951500
-2349000 951500
-2348000 951500
-2347000 951500
-2346000 951500
-2345000 951500
-2344500 951000
-2344500 950000
-2344000 949500
-2343500 949000
-2343500 948000
-2343500 947000
-2343000 946500
-2342000 946500
-2341000 946500
-2340000 946500
-2339500 947000
-2340000 947500
-2340500 948000
-2340500 949000
-2340000 949500
-2339500 950000
-2339000 950500
-2338000 950500
-2337000 950500
-2336500 951000
-2336500 952000
-2336000 952500
-2335500 953000
-2335000 953500
-2334500 953000
-2334000 952500
-2333000 952500
-2332000 952500
-2331500 952000
-2331000 951500
-2330000 951500
-2329500 952000
-2329500 953000
-2329000 953500
-2328000 953500
-2327500 954000
-2327500 955000
-2327000 955500
-2326500 955000
-2326000 954500
-2325500 954000
-2325000 953500
-2324500 953000
-2324500 952000
-2324500 951000
-2324000 950500
-2323000 950500
-2322500 950000
-2322500 949000
-2323000 948500
-2323500 949000
-2324000 949500
-2324500 949000
-2325000 948500
-2325500 948000
-2325500 947000
-2325000 946500
-2324000 946500
-2323500 946000
-2323000 945500
-2322500 945000
-2322000 944500
-2321000 944500
-2320500 944000
-2320500 943000
-2320500 942000
-2320500 941000
-2320500 940000
-2320500 939000
-2320000 938500
-2319500 938000
-2319000 937500
-2318000 937500
-2317000 937500
-2316500 937000
-2316000 936500
-2315500 936000
-2315500 935000
-2315500 934000
-2315500 933000
-2315500 932000
-2315500 931000
-2315500 930000
-2315500 929000
-2315500 928000
-2315000 927500
-2314500 927000
-2314000 926500
-2313500 926000
-2313500 925000
-2313500 924000
-2313500 923000
-2313000 922500
-2312000 922500
-2311000 922500
-2310500 923000
-2310500 924000
-2310000 924500
-2309500 925000
-2309500 926000
-2309500 927000
-2309000 927500
-2308500 928000
-2308000 928500
-2307500 929000
-2307000 929500
-2306500 930000
-2306000 930500
-2305500 931000
-2305500 932000
-2305500 933000
-2305000 933500
-2304000 933500
-2303000 933500
-2302500 933000
-2302000 932500
-2301500 932000
-2301000 931500
-2300500 931000
-2300000 930500
-2299000 930500
-2298500 930000
-2298500 929000
-2298000 928500
-2297500 928000
-2297500 927000
-2297000 926500
-2296500 926000
-2296000 925500
-2295000 925500
-2294500 925000
-2294000 924500
-2293500 924000
-2293500 923000
-2293000 922500
-2292500 922000
-2292000 921500
-2291500 921000
-2291500 920000
-2291000 919500
-2290000 919500
-2289500 919000
-2290000 918500
-2291000 918500
-2291500 918000
-2292000 917500
-2292500 917000
-2293000 916500
-2294000 916500
-2295000 916500
-2295500 917000
-2296000 917500
-2297000 917500
-2297500 917000
-2297500 916000
-2297500 915000
-2297000 914500
-2296500 914000
-2296000 913500
-2295500 913000
-2295500 912000
-2295500 911000
-2295500 910000
-2295500 909000
-2295500 908000
-2295000 907500
-2294500 907000
-2294000 906500
-2293500 907000
-2293000 907500
-2292500 907000
-2292000 906500
-2291500 907000
-2291000 907500
-2290000 907500
-2289500 907000
-2289000 906500
-2288500 906000
-2288000 905500
-2287000 905500
-2286500 905000
-2286000 904500
-2285000 904500
-2284500 904000
-2284500 903000
-2284500 902000
-2284000 901500
-2283500 901000
-2283000 900500
-2282500 900000
-2282500 899000
-2282000 898500
-2281500 898000
-2281000 897500
-2280500 897000
-2280000 896500
-2279500 896000
-2279000 895500
-2278500 895000
-2278500 894000
-2279000 893500
-2279500 894000
-2280000 894500
-2280500 894000
-2280000 893500
-2279500 893000
-2280000 892500
-2280500 893000
-2281000 893500
-2282000 893500
-2282500 893000
-2282000 892500
-2281500 892000
-2281500 891000
-2281000 890500
-2280500 890000
-2281000 889500
-2281500 889000
-2281000 888500
-2280500 888000
-2280500 887000
-2281000 886500
-2281500 886000
-2281000 885500
-2280500 885000
-2280500 884000
-2281000 883500
-2281500 883000
-2281500 882000
-2281500 881000
-2281500 880000
-2282000 879500
-2282500 880000
-2283000 880500
-2284000 880500
-2285000 880500
-2286000 880500
-2287000 880500
-2287500 881000
-2288000 881500
-2289000 881500
-2289500 881000
-2290000 880500
-2291000 880500
-2292000 880500
-2293000 880500
-2293500 880000
-2293500 879000
-2294000 878500
-2294500 878000
-2295000 877500
-2296000 877500
-2296500 878000
-2297000 878500
-2297500 878000
-2298000 877500
-2299000 877500
-2299500 878000
-2300000 878500
-2300500 878000
-2301000 877500
-2302000 877500
-2303000 877500
-2304000 877500
-2305000 877500
-2306000 877500
-2307000 877500
-2308000 877500
-2309000 877500
-2310000 877500
-2310500 878000
-2311000 878500
-2311500 879000
-2312000 879500
-2312500 880000
-2313000 880500
-2314000 880500
-2314500 881000
-2315000 881500
-2315500 882000
-2316000 882500
-2317000 882500
-2317500 883000
-2318000 883500
-2318500 884000
-2319000 884500
-2319500 885000
-2320000 885500
-2320500 886000
-2321000 886500
-2321500 887000
-2322000 887500
-2322500 888000
-2323000 888500
-2323500 889000
-2324000 889500
-2324500 890000
-2325000 890500
-2325500 891000
-2326000 891500
-2326500 892000
-2326500 893000
-2327000 893500
-2327500 894000
-2327500 895000
-2327500 896000
-2328000 896500
-2328500 897000
-2329000 897500
-2329500 898000
-2329500 899000
-2330000 899500
-2330500 900000
-2331000 900500
-2331500 901000
-2332000 901500
-2332500 902000
-2332500 903000
-2332500 904000
-2333000 904500
-2334000 904500
-2335000 904500
-2335500 905000
-2335500 906000
-2336000 906500
-2336500 907000
-2337000 907500
-2338000 907500
-2339000 907500
-2339500 908000
-2340000 908500
-2340500 909000
-2341000 909500
-2342000 909500
-2342500 910000
-2343000 910500
-2343500 911000
-2344000 911500
-2344500 912000
-2345000 912500
-2345500 913000
-2346000 913500
-2346500 914000
-2347000 914500
-2347500 915000
-2348000 915500
-2348500 916000
-2349000 916500
-2349500 917000
-2350000 917500
-2350500 918000
-2351000 918500
-2351500 919000
-2352000 919500
-2353000 919500
-2353500 920000
-2354000 920500
-2354500 921000
-2355000 921500
-2355500 922000
-2356000 922500
-2356500 923000
-2357000 923500
-2357500 924000
-2358000 924500
-2358500 925000
-2359000 925500
-2359500 926000
-2360000 926500
-2361000 926500
-2361500 927000
-2362000 927500
-2362500 928000
-2362500 929000
-2362500 930000
-2362500 931000
-2363000 931500
-2364000 931500
-2365000 931500
-2365500 932000
-2365500 933000
-2366000 933500
-2367000 933500
-2367500 934000
-2368000 934500
-2369000 934500
-2369500 935000
-2369500 936000
-2369500 937000
-2370000 937500
-2370500 938000
-2371000 938500
-2371500 939000
-2372000 939500
-2372500 940000
-2372500 941000
-2373000 941500
-2373500 942000
-2373500 943000
-2374000 943500
-2375000 943500
-2375500 944000
-2375500 945000
-2376000 945500
-2376500 946000
-2376500 947000
-2376500 948000
-2376500 949000
-2377000 949500
-2377500 950000
-2377500 951000
-2377500 952000
-2377500 953000
-2377500 954000
-2377500 955000
-2377500 956000
-2378000 956500
-2378500 957000
-2378500 958000
-2379000 958500
-2379500 959000
-2379500 960000
-2379500 961000
-2380000 961500
-2380500 962000
-2380500 963000
-2380500 964000
-2381000 964500
-2381500 965000
-2382000 965500
-2382500 966000
-2383000 966500
-2383500 967000
-2384000 967500
-2384500 968000
-2384500 969000
-2384500 970000
-2384000 970500
-2383500 971000
-2383500 972000
-2383500 973000
-2383000 973500
-2382500 974000
-2382500 975000
-2382500 976000
-2382000 976500
-2381500 977000
-2381000 977500
