-976000 562500
-975500 562000
-975000 561500
-974500 561000
-974000 560500
-973500 560000
-973000 559500
-972500 559000
-972500 558000
-973000 557500
-973500 557000
-973000 556500
-972500 556000
-972500 555000
-972500 554000
-972500 553000
-972500 552000
-972500 551000
-972000 550500
-971500 551000
-971000 551500
-970000 551500
-969500 552000
-969000 552500
-968000 552500
-967500 553000
-967500 554000
-967500 555000
-967500 556000
-967500 557000
-967500 558000
-967000 558500
-966500 558000
-966000 557500
-965500 558000
-965500 559000
-965000 559500
-964000 559500
-963500 560000
-963000 560500
-962500 560000
-962000 559500
-961000 559500
-960500 559000
-960500 558000
-960000 557500
-959500 557000
-959000 556500
-958500 557000
-958500 558000
-958000 558500
-957000 558500
-956000 558500
-955000 558500
-954500 558000
-955000 557500
-956000 557500
-957000 557500
-957500 557000
-957500 556000
-957000 555500
-956500 555000
-956000 554500
-955500 554000
-955000 553500
-954000 553500
-953500 553000
-953000 552500
-952000 552500
-951000 552500
-950500 553000
-950500 554000
-951000 554500
-951500 555000
-951500 556000
-951000 556500
-950000 556500
-949000 556500
-948500 556000
-949000 555500
-949500 555000
-949500 554000
-949000 553500
-948000 553500
-947000 553500
-946000 553500
-945500 553000
-945000 552500
-944500 552000
-945000 551500
-946000 551500
-947000 551500
-947500 551000
-947000 550500
-946500 550000
-946000 549500
-945500 549000
-945000 548500
-944000 548500
-943500 548000
-943000 547500
-942000 547500
-941000 547500
-940500 547000
-940000 546500
-939000 546500
-938000 546500
-937500 546000
-937000 545500
-936000 545500
-935500 545000
-935500 544000
-935500 543000
-935500 542000
-935500 541000
-935000 540500
-934000 540500
-933000 540500
-932500 540000
-932000 539500
-931000 539500
-930500 540000
-930000 540500
-929000 540500
-928500 541000
-928500 542000
-928500 543000
-928000 543500
-927500 544000
-927500 545000
-927000 545500
-926500 546000
-926000 546500
-925000 546500
-924500 546000
-924000 545500
-923500 545000
-923000 544500
-922500 544000
-922000 543500
-921500 544000
-922000 544500
-922500 545000
-922000 545500
-921500 546000
-921000 546500
-920500 546000
-920000 545500
-919000 545500
-918000 545500
-917500 545000
-917000 544500
-916500 544000
-917000 543500
-918000 543500
-918500 543000
-918500 542000
-919000 541500
-919500 541000
-919500 540000
-919000 539500
-918500 539000
-918000 538500
-917500 538000
-917000 537500
-916500 537000
-916000 536500
-915000 536500
-914000 536500
-913500 536000
-913500 535000
-913000 534500
-912500 534000
-912000 533500
-911500 533000
-911000 532500
-910500 532000
-910000 531500
-909500 531000
-909500 530000
-909000 529500
-908000 529500
-907500 529000
-907000 528500
-906500 528000
-906000 527500
-905000 527500
-904500 527000
-904000 526500
-903500 526000
-903000 525500
-902000 525500
-901500 525000
-901000 524500
-900500 524000
-900000 523500
-899000 523500
-898500 523000
-898000 522500
-897000 522500
-896500 522000
-896000 521500
-895500 521000
-895000 520500
-894500 520000
-894000 519500
-893000 519500
-892500 519000
-892000 518500
-891500 519000
-891500 520000
-891500 521000
-892000 521500
-892500 522000
-893000 522500
-893500 523000
-894000 523500
-894500 524000
-894500 525000
-894000 525500
-893500 525000
-893000 524500
-892500 525000
-892000 525500
-891500 525000
-891000 524500
-890000 524500
-889500 524000
-889000 523500
-888500 523000
-888500 522000
-889000 521500
-889500 521000
-889000 520500
-888000 520500
-887500 520000
-887500 519000
-887000 518500
-886500 518000
-886500 517000
-886500 516000
-886500 515000
-886000 514500
-885500 514000
-885000 513500
-884000 513500
-883500 513000
-883000 512500
-882500 512000
-882000 511500
-881000 511500
-880000 511500
-879000 511500
-878500 512000
-879000 512500
-879500 513000
-879500 514000
-879000 514500
-878500 514000
-878000 513500
-877500 513000
-877000 512500
-876500 512000
-876500 511000
-876000 510500
-875000 510500
-874500 510000
-874500 509000
-874000 508500
-873000 508500
-872500 508000
-872000 507500
-871500 507000
-871500 506000
-871000 505500
-870500 505000
-870000 504500
-869500 504000
-869000 503500
-868500 503000
-868500 502000
-868000 501500
-867500 501000
-867000 500500
-866500 500000
-866500 499000
-866000 498500
-865500 498000
-865500 497000
-865500 496000
-865000 495500
-864000 495500
-863500 495000
-863500 494000
-863000 493500
-862000 493500
-861500 493000
-861500 492000
-861000 491500
-860500 491000
-860500 490000
-860000 489500
-859500 489000
-859500 488000
-859000 487500
-858500 487000
-858500 486000
-858500 485000
-858000 484500
-857500 484000
-857500 483000
-857500 482000
-857500 481000
-857500 480000
-858000 479500
-858500 479000
-858500 478000
-859000 477500
-859500 477000
-860000 476500
-860500 476000
-860500 475000
-861000 474500
-861500 474000
-862000 473500
-862500 473000
-862500 472000
-863000 471500
-863500 471000
-864000 470500
-865000 470500
-865500 471000
-866000 471500
-866500 471000
-867000 470500
-867500 470000
-868000 469500
-869000 469500
-869500 469000
-870000 468500
-870500 468000
-871000 467500
-872000 467500
-872500 467000
-873000 466500
-873500 466000
-874000 465500
-874500 465000
-875000 464500
-875500 464000
-876000 463500
-876500 463000
-877000 462500
-877500 462000
-878000 461500
-878500 461000
-879000 460500
-880000 460500
-881000 460500
-882000 460500
-882500 460000
-883000 459500
-884000 459500
-884500 459000
-885000 458500
-886000 458500
-887000 458500
-887500 458000
-888000 457500
-889000 457500
-890000 457500
-891000 457500
-891500 457000
-892000 456500
-893000 456500
-894000 456500
-895000 456500
-896000 456500
-897000 456500
-898000 456500
-898500 457000
-899000 457500
-900000 457500
-901000 457500
-901500 458000
-902000 458500
-903000 458500
-904000 458500
-905000 458500
-906000 458500
-907000 458500
-907500 459000
-908000 459500
-909000 459500
-909500 459000
-910000 458500
-911000 458500
-912000 458500
-912500 458000
-913000 457500
-913500 457000
-914000 456500
-914500 456000
-915000 455500
-915500 455000
-915500 454000
-915500 453000
-915500 452000
-915500 451000
-915500 450000
-915500 449000
-915500 448000
-915500 447000
-915000 446500
-914500 446000
-914500 445000
-914000 444500
-913500 444000
-913500 443000
-913000 442500
-912500 442000
-912000 441500
-911500 441000
-911000 440500
-910000 440500
-909500 440000
-909000 439500
-908000 439500
-907500 439000
-907500 438000
-908000 437500
-908500 437000
-909000 436500
-909500 436000
-910000 435500
-910500 435000
-911000 434500
-911500 434000
-912000 433500
-912500 433000
-913000 432500
-913500 432000
-914000 431500
-914500 431000
-915000 430500
-915500 430000
-916000 429500
-916500 429000
-917000 428500
-918000 428500
-918500 428000
-919000 427500
-919500 427000
-920000 426500
-921000 426500
-921500 426000
-922000 425500
-923000 425500
-923500 425000
-924000 424500
-925000 424500
-926000 424500
-926500 424000
-927000 423500
-928000 423500
-929000 423500
-929500 423000
-930000 422500
-930500 422000
-931000 421500
-932000 421500
-933000 421500
-933500 421000
-934000 420500
-935000 420500
-935500 420000
-936000 419500
-937000 419500
-938000 419500
-938500 419000
-939000 418500
-940000 418500
-941000 418500
-941500 418000
-942000 417500
-943000 417500
-944000 417500
-944500 417000
-945000 416500
-946000 416500
-947000 416500
-947500 416000
-948000 415500
-949000 415500
-950000 415500
-951000 415500
-951500 415000
-952000 414500
-953000 414500
-954000 414500
-954500 414000
-955000 413500
-956000 413500
-957000 413500
-958000 413500
-959000 413500
-960000 413500
-960500 413000
-961000 412500
-961500 413000
-962000 413500
-963000 413500
-964000 413500
-964500 414000
-965000 414500
-966000 414500
-966500 415000
-967000 415500
-968000 415500
-968500 416000
-969000 416500
-969500 417000
-970000 417500
-970500 418000
-971000 418500
-972000 418500
-972500 419000
-972500 420000
-973000 420500
-973500 421000
-973500 422000
-973500 423000
-973500 424000
-973500 425000
-973500 426000
-973000 426500
-972500 427000
-972000 427500
-971500 428000
-971000 428500
-970500 429000
-970000 429500
-969500 430000
-969000 430500
-968000 430500
-967500 431000
-967000 431500
-966500 431000
-966500 430000
-966500 429000
-966500 428000
-966000 427500
-965500 427000
-965000 426500
-964000 426500
-963500 426000
-963000 425500
-962000 425500
-961000 425500
-960000 425500
-959000 425500
-958000 425500
-957500 426000
-957000 426500
-956000 426500
-955500 427000
-955500 428000
-955000 428500
-954500 429000
-954000 429500
-953500 430000
-953500 431000
-953000 431500
-952500 432000
-952000 432500
-951000 432500
-950500 433000
-950000 433500
-949500 434000
-949500 435000
-949500 436000
-949000 436500
-948500 437000
-948500 438000
-948500 439000
-948000 439500
-947500 440000
-947500 441000
-947000 441500
-946500 442000
-946500 443000
-946000 443500
-945500 444000
-945500 445000
-945000 445500
-944500 446000
-944000 446500
-943500 447000
-943000 447500
-942500 448000
-942500 449000
-942000 449500
-941500 450000
-941500 451000
-941500 452000
-941500 453000
-941000 453500
-940500 454000
-940500 455000
-940500 456000
-940500 457000
-940500 458000
-940500 459000
-940500 460000
-940500 461000
-940500 462000
-940500 463000
-940000 463500
-939500 464000
-939000 464500
-938500 464000
-938000 463500
-937000 463500
-936500 463000
-936500 462000
-936500 461000
-936000 460500
-935000 460500
-934000 460500
-933000 460500
-932000 460500
-931500 461000
-931000 461500
-930500 462000
-930000 462500
-929500 463000
-929500 464000
-929500 465000
-929500 466000
-929500 467000
-929000 467500
-928500 468000
-928000 468500
-927500 469000
-927000 469500
-926500 470000
-926500 471000
-926500 472000
-926000 472500
-925500 473000
-925500 474000
-925500 475000
-925500 476000
-925500 477000
-925500 478000
-925500 479000
-925500 480000
-925500 481000
-925000 481500
-924500 482000
-924500 483000
-924500 484000
-924500 485000
-924000 485500
-923500 486000
-923500 487000
-923500 488000
-923500 489000
-923500 490000
-923500 491000
-923500 492000
-923500 493000
-923500 494000
-923500 495000
-924000 495500
-924500 496000
-924500 497000
-924500 498000
-924500 499000
-924500 500000
-925000 500500
-925500 501000
-925500 502000
-926000 502500
-926500 503000
-926500 504000
-926500 505000
-926500 506000
-927000 506500
-927500 507000
-927500 508000
-928000 508500
-928500 509000
-928500 510000
-929000 510500
-929500 511000
-930000 511500
-930500 511000
-931000 510500
-931500 510000
-932000 509500
-932500 509000
-932500 508000
-933000 507500
-934000 507500
-935000 507500
-935500 508000
-936000 508500
-937000 508500
-937500 509000
-938000 509500
-939000 509500
-940000 509500
-941000 509500
-942000 509500
-942500 510000
-943000 510500
-944000 510500
-944500 511000
-945000 511500
-945500 512000
-946000 512500
-947000 512500
-948000 512500
-948500 513000
-949000 513500
-949500 513000
-950000 512500
-951000 512500
-952000 512500
-952500 513000
-953000 513500
-953500 514000
-954000 514500
-954500 515000
-955000 515500
-955500 516000
-956000 516500
-956500 517000
-956500 518000
-956500 519000
-956500 520000
-956500 521000
-956500 522000
-956500 523000
-957000 523500
-958000 523500
-959000 523500
-959500 523000
-960000 522500
-961000 522500
-962000 522500
-962500 523000
-963000 523500
-963500 524000
-964000 524500
-965000 524500
-966000 524500
-966500 525000
-966500 526000
-966500 527000
-966500 528000
-966500 529000
-967000 529500
-967500 530000
-968000 530500
-968500 531000
-969000 531500
-969500 532000
-969500 533000
-970000 533500
-970500 534000
-971000 534500
-971500 535000
-972000 535500
-972500 536000
-973000 536500
-973500 537000
-973500 538000
-973500 539000
-973500 540000
-973500 541000
-973500 542000
-974000 542500
-974500 543000
-974500 544000
-974500 545000
-974500 546000
-974000 546500
-973500 547000
-973500 548000
-973500 549000
-973500 550000
-973500 551000
-973500 552000
-974000 552500
-974500 553000
-974500 554000
-974500 555000
-975000 555500
-975500 556000
-975500 557000
-975500 558000
-975500 559000
-976000 559500
-976500 560000
-976500 561000
-976500 562000
-976000 562500
