-2032000 599500
-2031000 599500
-2030000 599500
-2029000 599500
-2028000 599500
-2027000 599500
-2026500 599000
-2026000 598500
-2025000 598500
-2024500 598000
-2024500 597000
-2024000 596500
-2023500 596000
-2023000 595500
-2022500 595000
-2022500 594000
-2022000 593500
-2021500 593000
-2021500 592000
-2021000 591500
-2020500 591000
-2020000 590500
-2019500 590000
-2019500 589000
-2019500 588000
-2019000 587500
-2018500 587000
-2018500 586000
-2018000 585500
-2017500 585000
-2017500 584000
-2017500 583000
-2017000 582500
-2016500 582000
-2016000 581500
-2015500 581000
-2015500 580000
-2015500 579000
-2015500 578000
-2015500 577000
-2015000 576500
-2014500 576000
-2014500 575000
-2014000 574500
-2013500 574000
-2013500 573000
-2013500 572000
-2013000 571500
-2012500 571000
-2012500 570000
-2012000 569500
-2011500 569000
-2011000 568500
-2010500 568000
-2010500 567000
-2010500 566000
-2010000 565500
-2009500 565000
-2009000 564500
-2008500 564000
-2008500 563000
-2008500 562000
-2008500 561000
-2008500 560000
-2008000 559500
-2007500 559000
-2007500 558000
-2007500 557000
-2008000 556500
-2008500 556000
-2008500 555000
-2008500 554000
-2008500 553000
-2008500 552000
-2008000 551500
-2007500 551000
-2007500 550000
-2007500 549000
-2007500 548000
-2008000 547500
-2008500 547000
-2008500 546000
-2008500 545000
-2008500 544000
-2008500 543000
-2008500 542000
-2008500 541000
-2009000 540500
-2009500 540000
-2009500 539000
-2009500 538000
-2009500 537000
-2009500 536000
-2009500 535000
-2009500 534000
-2009500 533000
-2009500 532000
-2009500 531000
-2010000 530500
-2010500 530000
-2010500 529000
-2010000 528500
-2009500 528000
-2009500 527000
-2009500 526000
-2009500 525000
-2009500 524000
-2009000 523500
-2008500 523000
-2008000 522500
-2007500 522000
-2007500 521000
-2007500 520000
-2007500 519000
-2007500 518000
-2007500 517000
-2007500 516000
-2007500 515000
-2007500 514000
-2007500 513000
-2008000 512500
-2008500 512000
-2008500 511000
-2008500 510000
-2008500 509000
-2008500 508000
-2008500 507000
-2008500 506000
-2008500 505000
-2008500 504000
-2008500 503000
-2008500 502000
-2008500 501000
-2008500 500000
-2008500 499000
-2008500 498000
-2008500 497000
-2008500 496000
-2008500 495000
-2008500 494000
-2008500 493000
-2008500 492000
-2009000 491500
-2009500 491000
-2009500 490000
-2010000 489500
-2010500 489000
-2011000 488500
-2011500 488000
-2012000 487500
-2012500 487000
-2013000 486500
-2014000 486500
-2014500 486000
-2015000 485500
-2016000 485500
-2017000 485500
-2017500 485000
-2018000 484500
-2018500 485000
-2019000 485500
-2020000 485500
-2021000 485500
-2022000 485500
-2023000 485500
-2024000 485500
-2025000 485500
-2026000 485500
-2027000 485500
-2028000 485500
-2029000 485500
-2030000 485500
-2030500 486000
-2030500 487000
-2031000 487500
-2032000 487500
-2032500 488000
-2032500 489000
-2033000 489500
-2033500 490000
-2033500 491000
-2034000 491500
-2034500 492000
-2034500 493000
-2034500 494000
-2035000 494500
-2035500 495000
-2035500 496000
-2035500 497000
-2035500 498000
-2035500 499000
-2036000 499500
-2036500 500000
-2036500 501000
-2037000 501500
-2037500 502000
-2037500 503000
-2037500 504000
-2038000 504500
-2038500 505000
-2038500 506000
-2038500 507000
-2038500 508000
-2039000 508500
-2039500 509000
-2039500 510000
-2040000 510500
-2040500 511000
-2040000 511500
-2039500 512000
-2040000 512500
-2040500 513000
-2040500 514000
-2040500 515000
-2040000 515500
-2039500 516000
-2039500 517000
-2039500 518000
-2039500 519000
-2039500 520000
-2039500 521000
-2039500 522000
-2039000 522500
-2038500 523000
-2038500 524000
-2038500 525000
-2038000 525500
-2037500 526000
-2037500 527000
-2037500 528000
-2037500 529000
-2037500 530000
-2037500 531000
-2037500 532000
-2037500 533000
-2037500 534000
-2037500 535000
-2037000 535500
-2036500 536000
-2037000 536500
-2037500 537000
-2037500 538000
-2037500 539000
-2038000 539500
-2038500 540000
-2038500 541000
-2039000 541500
-2039500 542000
-2040000 542500
-2040500 543000
-2041000 543500
-2041500 544000
-2042000 544500
-2042500 545000
-2043000 545500
-2043500 546000
-2044000 546500
-2045000 546500
-2046000 546500
-2046500 547000
-2047000 547500
-2048000 547500
-2048500 548000
-2049000 548500
-2050000 548500
-2051000 548500
-2052000 548500
-2053000 548500
-2053500 549000
-2054000 549500
-2055000 549500
-2055500 550000
-2055500 551000
-2055500 552000
-2056000 552500
-2056500 553000
-2056000 553500
-2055500 554000
-2055500 555000
-2055000 555500
-2054500 556000
-2054000 556500
-2053000 556500
-2052500 557000
-2052000 557500
-2051000 557500
-2050500 557000
-2050000 556500
-2049500 557000
-2049000 557500
-2048000 557500
-2047000 557500
-2046000 557500
-2045500 558000
-2045000 558500
-2044000 558500
-2043500 559000
-2043000 559500
-2042000 559500
-2041500 560000
-2041000 560500
-2040000 560500
-2039000 560500
-2038000 560500
-2037000 560500
-2036000 560500
-2035000 560500
-2034000 560500
-2033500 560000
-2033000 559500
-2032000 559500
-2031000 559500
-2030000 559500
-2029500 560000
-2030000 560500
-2030500 561000
-2031000 561500
-2031500 562000
-2032000 562500
-2032500 563000
-2032500 564000
-2033000 564500
-2033500 565000
-2034000 565500
-2035000 565500
-2036000 565500
-2037000 565500
-2037500 566000
-2038000 566500
-2039000 566500
-2040000 566500
-2041000 566500
-2041500 567000
-2042000 567500
-2043000 567500
-2043500 568000
-2044000 568500
-2045000 568500
-2046000 568500
-2047000 568500
-2048000 568500
-2049000 568500
-2050000 568500
-2050500 569000
-2051000 569500
-2051500 570000
-2051500 571000
-2051500 572000
-2051500 573000
-2051000 573500
-2050500 574000
-2050000 574500
-2049500 575000
-2049000 575500
-2048000 575500
-2047500 576000
-2047500 577000
-2047000 577500
-2046000 577500
-2045500 578000
-2045000 578500
-2044000 578500
-2043000 578500
-2042000 578500
-2041000 578500
-2040500 579000
-2040500 580000
-2040000 580500
-2039500 581000
-2040000 581500
-2041000 581500
-2042000 581500
-2043000 581500
-2044000 581500
-2045000 581500
-2046000 581500
-2047000 581500
-2048000 581500
-2049000 581500
-2049500 582000
-2050000 582500
-2051000 582500
-2051500 583000
-2051500 584000
-2051500 585000
-2051500 586000
-2051000 586500
-2050500 587000
-2050500 588000
-2050000 588500
-2049500 589000
-2049000 589500
-2048500 590000
-2048000 590500
-2047500 591000
-2047000 591500
-2046500 592000
-2046000 592500
-2045000 592500
-2044500 593000
-2044000 593500
-2043000 593500
-2042500 594000
-2042000 594500
-2041000 594500
-2040500 595000
-2040000 595500
-2039000 595500
-2038000 595500
-2037500 596000
-2037000 596500
-2036000 596500
-2035500 597000
-2035000 597500
-2034000 597500
-2033500 598000
-2033000 598500
-2032500 599000
-2032000 599500
