-2181000 789500
-2180000 789500
-2179500 789000
-2179000 788500
-2178000 788500
-2177000 788500
-2176000 788500
-2175500 788000
-2175000 787500
-2174000 787500
-2173500 787000
-2173000 786500
-2172000 786500
-2171500 787000
-2171000 787500
-2170000 787500
-2169500 787000
-2169500 786000
-2169000 785500
-2168500 785000
-2168000 784500
-2167000 784500
-2166000 784500
-2165000 784500
-2164000 784500
-2163000 784500
-2162000 784500
-2161000 784500
-2160500 785000
-2160000 785500
-2159000 785500
-2158000 785500
-2157500 785000
-2157500 784000
-2157500 783000
-2157000 782500
-2156500 782000
-2156000 781500
-2155500 781000
-2155000 780500
-2154000 780500
-2153500 781000
-2153000 781500
-2152000 781500
-2151000 781500
-2150000 781500
-2149000 781500
-2148500 781000
-2148000 780500
-2147000 780500
-2146500 780000
-2146500 779000
-2146000 778500
-2145000 778500
-2144500 778000
-2144000 777500
-2143500 777000
-2143500 776000
-2144000 775500
-2144500 775000
-2144000 774500
-2143000 774500
-2142500 775000
-2142000 775500
-2141500 775000
-2141000 774500
-2140000 774500
-2139000 774500
-2138500 774000
-2138000 773500
-2137500 774000
-2137500 775000
-2137500 776000
-2137000 776500
-2136000 776500
-2135000 776500
-2134500 777000
-2134500 778000
-2134500 779000
-2134000 779500
-2133500 780000
-2134000 780500
-2134500 781000
-2134500 782000
-2134000 782500
-2133500 783000
-2133500 784000
-2133500 785000
-2134000 785500
-2134500 786000
-2134500 787000
-2134500 788000
-2134000 788500
-2133500 788000
-2133000 787500
-2132500 788000
-2132000 788500
-2131500 788000
-2131000 787500
-2130000 787500
-2129000 787500
-2128000 787500
-2127000 787500
-2126000 787500
-2125000 787500
-2124000 787500
-2123000 787500
-2122000 787500
-2121000 787500
-2120000 787500
-2119000 787500
-2118500 788000
-2118000 788500
-2117000 788500
-2116000 788500
-2115000 788500
-2114000 788500
-2113000 788500
-2112500 788000
-2112000 787500
-2111000 787500
-2110000 787500
-2109000 787500
-2108000 787500
-2107000 787500
-2106000 787500
-2105500 788000
-2105000 788500
-2104000 788500
-2103500 788000
-2103000 787500
-2102500 787000
-2102000 786500
-2101000 786500
-2100000 786500
-2099500 787000
-2099000 787500
-2098000 787500
-2097500 788000
-2097000 788500
-2096000 788500
-2095000 788500
-2094500 789000
-2094000 789500
-2093000 789500
-2092000 789500
-2091500 789000
-2091000 788500
-2090000 788500
-2089000 788500
-2088500 788000
-2088000 787500
-2087000 787500
-2086000 787500
-2085000 787500
-2084500 787000
-2084000 786500
-2083000 786500
-2082500 786000
-2082000 785500
-2081000 785500
-2080000 785500
-2079500 785000
-2079000 784500
-2078000 784500
-2077000 784500
-2076500 784000
-2076000 783500
-2075500 783000
-2075000 782500
-2074000 782500
-2073000 782500
-2072000 782500
-2071500 782000
-2071000 781500
-2070000 781500
-2069000 781500
-2068500 782000
-2068000 782500
-2067000 782500
-2066000 782500
-2065500 782000
-2065000 781500
-2064000 781500
-2063000 781500
-2062500 781000
-2062000 780500
-2061500 780000
-2061000 779500
-2060000 779500
-2059000 779500
-2058500 780000
-2058000 780500
-2057000 780500
-2056500 780000
-2056000 779500
-2055000 779500
-2054000 779500
-2053000 779500
-2052000 779500
-2051000 779500
-2050000 779500
-2049000 779500
-2048500 779000
-2048000 778500
-2047000 778500
-2046000 778500
-2045500 779000
-2045000 779500
-2044000 779500
-2043000 779500
-2042000 779500
-2041000 779500
-2040000 779500
-2039000 779500
-2038500 779000
-2038000 778500
-2037000 778500
-2036000 778500
-2035000 778500
-2034000 778500
-2033500 778000
-2033000 777500
-2032500 778000
-2032000 778500
-2031000 778500
-2030000 778500
-2029000 778500
-2028000 778500
-2027500 779000
-2027000 779500
-2026000 779500
-2025000 779500
-2024000 779500
-2023000 779500
-2022000 779500
-2021500 780000
-2021000 780500
-2020000 780500
-2019000 780500
-2018000 780500
-2017000 780500
-2016000 780500
-2015000 780500
-2014500 781000
-2014500 782000
-2014000 782500
-2013000 782500
-2012000 782500
-2011000 782500
-2010000 782500
-2009000 782500
-2008000 782500
-2007500 782000
-2007000 781500
-2006000 781500
-2005000 781500
-2004500 781000
-2004000 780500
-2003000 780500
-2002000 780500
-2001000 780500
-2000000 780500
-1999500 781000
-1999000 781500
-1998000 781500
-1997000 781500
-1996000 781500
-1995500 781000
-1995000 780500
-1994000 780500
-1993000 780500
-1992000 780500
-1991000 780500
-1990500 780000
-1990000 779500
-1989000 779500
-1988000 779500
-1987500 779000
-1987000 778500
-1986000 778500
-1985000 778500
-1984000 778500
-1983500 779000
-1983000 779500
-1982000 779500
-1981000 779500
-1980500 780000
-1980000 780500
-1979000 780500
-1978000 780500
-1977000 780500
-1976500 780000
-1976000 779500
-1975500 779000
-1975000 778500
-1974500 779000
-1974000 779500
-1973000 779500
-1972000 779500
-1971000 779500
-1970000 779500
-1969500 779000
-1969000 778500
-1968500 778000
-1968000 777500
-1967000 777500
-1966000 777500
-1965000 777500
-1964500 778000
-1964000 778500
-1963500 778000
-1963000 777500
-1962000 777500
-1961500 777000
-1961000 776500
-1960500 777000
-1960000 777500
-1959000 777500
-1958000 777500
-1957000 777500
-1956500 777000
-1956500 776000
-1956500 775000
-1956000 774500
-1955500 775000
-1955000 775500
-1954000 775500
-1953000 775500
-1952000 775500
-1951500 776000
-1951000 776500
-1950000 776500
-1949500 776000
-1949000 775500
-1948000 775500
-1947500 775000
-1947000 774500
-1946000 774500
-1945500 774000
-1945000 773500
-1944500 773000
-1944000 772500
-1943000 772500
-1942500 772000
-1942000 771500
-1941500 771000
-1941000 770500
-1940500 770000
-1940500 769000
-1940000 768500
-1939500 768000
-1939000 767500
-1938000 767500
-1937500 767000
-1937000 766500
-1936000 766500
-1935000 766500
-1934500 767000
-1934000 767500
-1933500 768000
-1933000 768500
-1932000 768500
-1931000 768500
-1930000 768500
-1929000 768500
-1928000 768500
-1927500 768000
-1927000 767500
-1926000 767500
-1925500 767000
-1925000 766500
-1924500 766000
-1925000 765500
-1925500 765000
-1925000 764500
-1924000 764500
-1923000 764500
-1922000 764500
-1921500 765000
-1921000 765500
-1920000 765500
-1919000 765500
-1918000 765500
-1917000 765500
-1916500 765000
-1916000 764500
-1915000 764500
-1914000 764500
-1913500 764000
-1913000 763500
-1912000 763500
-1911000 763500
-1910500 763000
-1910000 762500
-1909000 762500
-1908500 762000
-1908000 761500
-1907000 761500
-1906500 761000
-1906000 760500
-1905000 760500
-1904500 760000
-1904000 759500
-1903000 759500
-1902000 759500
-1901500 759000
-1901000 758500
-1900000 758500
-1899000 758500
-1898500 758000
-1898500 757000
-1898000 756500
-1897000 756500
-1896500 756000
-1896000 755500
-1895000 755500
-1894000 755500
-1893500 755000
-1893000 754500
-1892000 754500
-1891500 754000
-1891000 753500
-1890000 753500
-1889500 753000
-1889000 752500
-1888000 752500
-1887000 752500
-1886000 752500
-1885000 752500
-1884000 752500
-1883000 752500
-1882000 752500
-1881500 752000
-1881000 751500
-1880000 751500
-1879000 751500
-1878500 751000
-1878000 750500
-1877000 750500
-1876000 750500
-1875500 750000
-1875000 749500
-1874000 749500
-1873000 749500
-1872000 749500
-1871000 749500
-1870500 749000
-1870000 748500
-1869500 748000
-1869000 747500
-1868000 747500
-1867500 747000
-1867000 746500
-1866000 746500
-1865000 746500
-1864500 746000
-1864000 745500
-1863500 745000
-1863000 744500
-1862500 744000
-1862500 743000
-1862500 742000
-1862000 741500
-1861000 741500
-1860000 741500
-1859000 741500
-1858500 742000
-1858000 742500
-1857000 742500
-1856500 742000
-1856000 741500
-1855000 741500
-1854000 741500
-1853000 741500
-1852500 741000
-1852000 740500
-1851500 740000
-1851000 739500
-1850000 739500
-1849500 739000
-1849000 738500
-1848000 738500
-1847000 738500
-1846500 738000
-1846000 737500
-1845000 737500
-1844500 737000
-1844000 736500
-1843500 736000
-1843000 735500
-1842500 735000
-1842500 734000
-1842500 733000
-1842500 732000
-1843000 731500
-1843500 731000
-1843500 730000
-1844000 729500
-1844500 729000
-1844000 728500
-1843000 728500
-1842000 728500
-1841500 728000
-1841000 727500
-1840000 727500
-1839000 727500
-1838500 727000
-1838000 726500
-1837000 726500
-1836000 726500
-1835500 726000
-1835000 725500
-1834000 725500
-1833000 725500
-1832000 725500
-1831500 726000
-1831000 726500
-1830000 726500
-1829000 726500
-1828500 726000
-1828000 725500
-1827000 725500
-1826500 725000
-1826000 724500
-1825000 724500
-1824500 724000
-1824000 723500
-1823000 723500
-1822500 723000
-1822000 722500
-1821500 722000
-1821000 721500
-1820500 721000
-1820000 720500
-1819000 720500
-1818500 720000
-1818000 719500
-1817500 719000
-1817000 718500
-1816500 718000
-1816000 717500
-1815000 717500
-1814000 717500
-1813000 717500
-1812000 717500
-1811500 717000
-1811000 716500
-1810000 716500
-1809500 716000
-1809000 715500
-1808500 715000
-1808500 714000
-1808500 713000
-1808500 712000
-1808500 711000
-1809000 710500
-1809500 710000
-1810000 709500
-1811000 709500
-1812000 709500
-1813000 709500
-1813500 709000
-1814000 708500
-1814500 708000
-1814500 707000
-1814500 706000
-1814500 705000
-1814000 704500
-1813500 704000
-1813000 703500
-1812000 703500
-1811000 703500
-1810000 703500
-1809500 703000
-1809500 702000
-1809000 701500
-1808500 701000
-1808500 700000
-1808000 699500
-1807500 699000
-1808000 698500
-1808500 698000
-1808000 697500
-1807000 697500
-1806000 697500
-1805500 697000
-1805000 696500
-1804500 696000
-1804000 695500
-1803000 695500
-1802500 695000
-1802000 694500
-1801500 694000
-1801000 693500
-1800500 693000
-1801000 692500
-1802000 692500
-1803000 692500
-1803500 692000
-1803000 691500
-1802500 691000
-1802500 690000
-1803000 689500
-1803500 689000
-1803500 688000
-1803000 687500
-1802500 687000
-1802500 686000
-1802000 685500
-1801000 685500
-1800000 685500
-1799500 685000
-1799000 684500
-1798500 684000
-1799000 683500
-1799500 683000
-1799000 682500
-1798000 682500
-1797500 682000
-1797000 681500
-1796000 681500
-1795000 681500
-1794000 681500
-1793000 681500
-1792500 682000
-1792000 682500
-1791000 682500
-1790000 682500
-1789500 682000
-1789000 681500
-1788500 681000
-1788000 680500
-1787500 680000
-1787500 679000
-1787500 678000
-1787000 677500
-1786500 677000
-1786500 676000
-1786500 675000
-1786500 674000
-1786500 673000
-1786500 672000
-1786500 671000
-1786500 670000
-1786500 669000
-1786500 668000
-1786500 667000
-1786000 666500
-1785500 666000
-1785500 665000
-1786000 664500
-1786500 664000
-1786500 663000
-1786500 662000
-1786500 661000
-1786500 660000
-1786500 659000
-1786500 658000
-1786500 657000
-1786500 656000
-1786500 655000
-1786500 654000
-1786500 653000
-1787000 652500
-1787500 652000
-1787500 651000
-1788000 650500
-1788500 650000
-1788500 649000
-1788500 648000
-1789000 647500
-1789500 647000
-1789500 646000
-1789500 645000
-1789500 644000
-1789500 643000
-1789500 642000
-1789500 641000
-1790000 640500
-1790500 640000
-1790500 639000
-1790500 638000
-1790500 637000
-1790500 636000
-1790000 635500
-1789500 635000
-1789500 634000
-1789000 633500
-1788500 633000
-1788500 632000
-1788500 631000
-1789000 630500
-1789500 630000
-1789500 629000
-1789500 628000
-1790000 627500
-1791000 627500
-1792000 627500
-1793000 627500
-1794000 627500
-1795000 627500
-1795500 628000
-1796000 628500
-1797000 628500
-1798000 628500
-1798500 629000
-1799000 629500
-1800000 629500
-1801000 629500
-1802000 629500
-1802500 629000
-1802500 628000
-1802500 627000
-1802000 626500
-1801500 626000
-1801500 625000
-1801000 624500
-1800000 624500
-1799000 624500
-1798500 624000
-1798000 623500
-1797000 623500
-1796500 623000
-1796000 622500
-1795000 622500
-1794500 622000
-1794500 621000
-1794500 620000
-1794500 619000
-1795000 618500
-1795500 618000
-1796000 617500
-1796500 617000
-1796500 616000
-1797000 615500
-1797500 615000
-1797500 614000
-1798000 613500
-1798500 613000
-1798500 612000
-1798500 611000
-1799000 610500
-1799500 610000
-1799500 609000
-1800000 608500
-1801000 608500
-1801500 608000
-1801500 607000
-1801500 606000
-1801500 605000
-1802000 604500
-1802500 604000
-1802500 603000
-1802500 602000
-1803000 601500
-1803500 601000
-1803500 600000
-1804000 599500
-1804500 599000
-1804500 598000
-1805000 597500
-1805500 597000
-1805500 596000
-1805500 595000
-1805500 594000
-1806000 593500
-1806500 593000
-1806500 592000
-1806500 591000
-1806500 590000
-1806500 589000
-1806500 588000
-1807000 587500
-1807500 587000
-1807500 586000
-1807500 585000
-1807500 584000
-1807500 583000
-1807500 582000
-1807500 581000
-1807500 580000
-1807500 579000
-1807500 578000
-1807500 577000
-1807500 576000
-1807500 575000
-1807500 574000
-1808000 573500
-1809000 573500
-1809500 573000
-1809500 572000
-1810000 571500
-1811000 571500
-1812000 571500
-1813000 571500
-1814000 571500
-1815000 571500
-1815500 572000
-1816000 572500
-1816500 573000
-1817000 573500
-1818000 573500
-1818500 574000
-1818500 575000
-1819000 575500
-1820000 575500
-1821000 575500
-1821500 575000
-1821500 574000
-1821500 573000
-1821500 572000
-1821000 571500
-1820500 571000
-1820000 570500
-1819500 570000
-1819000 569500
-1818000 569500
-1817500 569000
-1817500 568000
-1817500 567000
-1817500 566000
-1818000 565500
-1818500 565000
-1819000 564500
-1819500 564000
-1820000 563500
-1820500 563000
-1821000 562500
-1822000 562500
-1823000 562500
-1823500 562000
-1824000 561500
-1825000 561500
-1826000 561500
-1826500 561000
-1827000 560500
-1828000 560500
-1828500 560000
-1829000 559500
-1830000 559500
-1831000 559500
-1832000 559500
-1832500 559000
-1833000 558500
-1834000 558500
-1834500 558000
-1835000 557500
-1836000 557500
-1837000 557500
-1837500 557000
-1838000 556500
-1839000 556500
-1840000 556500
-1840500 557000
-1841000 557500
-1842000 557500
-1842500 558000
-1842500 559000
-1843000 559500
-1844000 559500
-1844500 560000
-1845000 560500
-1845500 561000
-1846000 561500
-1846500 562000
-1846500 563000
-1846500 564000
-1847000 564500
-1847500 565000
-1847500 566000
-1848000 566500
-1848500 567000
-1848500 568000
-1849000 568500
-1850000 568500
-1850500 569000
-1850500 570000
-1851000 570500
-1851500 571000
-1851500 572000
-1852000 572500
-1852500 573000
-1852500 574000
-1853000 574500
-1853500 575000
-1853500 576000
-1853500 577000
-1853000 577500
-1852500 578000
-1852500 579000
-1852500 580000
-1852000 580500
-1851500 581000
-1851500 582000
-1851000 582500
-1850500 583000
-1850500 584000
-1850000 584500
-1849500 585000
-1849000 585500
-1848500 586000
-1848000 586500
-1847500 587000
-1847000 587500
-1846500 588000
-1846000 588500
-1845500 589000
-1845000 589500
-1844000 589500
-1843000 589500
-1842000 589500
-1841000 589500
-1840500 590000
-1840000 590500
-1839000 590500
-1838500 591000
-1838000 591500
-1837500 592000
-1838000 592500
-1838500 593000
-1839000 593500
-1839500 593000
-1840000 592500
-1840500 593000
-1841000 593500
-1841500 594000
-1841500 595000
-1841500 596000
-1841000 596500
-1840500 597000
-1840500 598000
-1840000 598500
-1839500 599000
-1839000 599500
-1838500 600000
-1838000 600500
-1837500 601000
-1837000 601500
-1836000 601500
-1835500 602000
-1835500 603000
-1835500 604000
-1835000 604500
-1834500 605000
-1834000 605500
-1833500 606000
-1833000 606500
-1832500 607000
-1832000 607500
-1831000 607500
-1830500 608000
-1830500 609000
-1830500 610000
-1830000 610500
-1829500 611000
-1829500 612000
-1829000 612500
-1828500 613000
-1828500 614000
-1828500 615000
-1828000 615500
-1827500 616000
-1827500 617000
-1827000 617500
-1826500 618000
-1826500 619000
-1826000 619500
-1825500 620000
-1825500 621000
-1825500 622000
-1825000 622500
-1824500 623000
-1824500 624000
-1824500 625000
-1824000 625500
-1823500 626000
-1823500 627000
-1823000 627500
-1822500 628000
-1822500 629000
-1822000 629500
-1821500 630000
-1821500 631000
-1821500 632000
-1821500 633000
-1821000 633500
-1820500 634000
-1820500 635000
-1820500 636000
-1820500 637000
-1820000 637500
-1819500 638000
-1820000 638500
-1820500 639000
-1820500 640000
-1821000 640500
-1822000 640500
-1822500 641000
-1823000 641500
-1823500 642000
-1823500 643000
-1823500 644000
-1823500 645000
-1823500 646000
-1823500 647000
-1824000 647500
-1824500 648000
-1824500 649000
-1824500 650000
-1824500 651000
-1824500 652000
-1825000 652500
-1825500 653000
-1825500 654000
-1825500 655000
-1825500 656000
-1825500 657000
-1826000 657500
-1826500 658000
-1826500 659000
-1827000 659500
-1828000 659500
-1829000 659500
-1830000 659500
-1830500 659000
-1831000 658500
-1831500 658000
-1832000 657500
-1833000 657500
-1833500 657000
-1834000 656500
-1834500 657000
-1835000 657500
-1836000 657500
-1837000 657500
-1838000 657500
-1839000 657500
-1839500 657000
-1840000 656500
-1841000 656500
-1842000 656500
-1843000 656500
-1843500 656000
-1843500 655000
-1843500 654000
-1843500 653000
-1843000 652500
-1842500 652000
-1842000 651500
-1841500 651000
-1841000 650500
-1840000 650500
-1839000 650500
-1838000 650500
-1837500 650000
-1837000 649500
-1836500 649000
-1836000 648500
-1835000 648500
-1834500 649000
-1834000 649500
-1833500 650000
-1833000 650500
-1832000 650500
-1831500 650000
-1831500 649000
-1831000 648500
-1830500 648000
-1830500 647000
-1830500 646000
-1830500 645000
-1830500 644000
-1830000 643500
-1829500 643000
-1830000 642500
-1831000 642500
-1831500 643000
-1832000 643500
-1833000 643500
-1834000 643500
-1834500 644000
-1835000 644500
-1835500 645000
-1835500 646000
-1836000 646500
-1836500 647000
-1837000 647500
-1837500 648000
-1837500 649000
-1838000 649500
-1839000 649500
-1840000 649500
-1841000 649500
-1842000 649500
-1842500 649000
-1843000 648500
-1843500 648000
-1843500 647000
-1843500 646000
-1843500 645000
-1843500 644000
-1843000 643500
-1842500 643000
-1842000 642500
-1841500 642000
-1841000 641500
-1840500 641000
-1840500 640000
-1840500 639000
-1840000 638500
-1839500 638000
-1839500 637000
-1839000 636500
-1838500 636000
-1838500 635000
-1838500 634000
-1838500 633000
-1838500 632000
-1838500 631000
-1838000 630500
-1837500 630000
-1837500 629000
-1837500 628000
-1837500 627000
-1837500 626000
-1838000 625500
-1838500 625000
-1839000 624500
-1839500 624000
-1839500 623000
-1839500 622000
-1839500 621000
-1839500 620000
-1839500 619000
-1839500 618000
-1840000 617500
-1840500 617000
-1841000 616500
-1841500 616000
-1842000 615500
-1842500 615000
-1843000 614500
-1843500 614000
-1843500 613000
-1844000 612500
-1844500 612000
-1845000 611500
-1845500 611000
-1846000 610500
-1846500 611000
-1847000 611500
-1847500 612000
-1848000 612500
-1848500 612000
-1849000 611500
-1849500 611000
-1849500 610000
-1849500 609000
-1850000 608500
-1850500 608000
-1850500 607000
-1851000 606500
-1852000 606500
-1852500 606000
-1853000 605500
-1853500 605000
-1854000 604500
-1854500 604000
-1855000 603500
-1856000 603500
-1857000 603500
-1857500 603000
-1857500 602000
-1858000 601500
-1858500 602000
-1859000 602500
-1860000 602500
-1860500 603000
-1861000 603500
-1862000 603500
-1862500 604000
-1862500 605000
-1862500 606000
-1862500 607000
-1862500 608000
-1862500 609000
-1862000 609500
-1861500 610000
-1861500 611000
-1861500 612000
-1861500 613000
-1861500 614000
-1861500 615000
-1861500 616000
-1861500 617000
-1861000 617500
-1860500 618000
-1861000 618500
-1861500 619000
-1861500 620000
-1861500 621000
-1862000 621500
-1862500 622000
-1862500 623000
-1862500 624000
-1862000 624500
-1861500 625000
-1861500 626000
-1861000 626500
-1860500 627000
-1860500 628000
-1860500 629000
-1860500 630000
-1860500 631000
-1860500 632000
-1860000 632500
-1859500 633000
-1859500 634000
-1859500 635000
-1859500 636000
-1859500 637000
-1860000 637500
-1860500 638000
-1861000 638500
-1861500 639000
-1861000 639500
-1860500 640000
-1860500 641000
-1860500 642000
-1860500 643000
-1860500 644000
-1861000 644500
-1861500 645000
-1861500 646000
-1862000 646500
-1862500 647000
-1862000 647500
-1861500 648000
-1861500 649000
-1862000 649500
-1862500 650000
-1863000 650500
-1863500 651000
-1864000 651500
-1865000 651500
-1866000 651500
-1867000 651500
-1868000 651500
-1869000 651500
-1869500 652000
-1870000 652500
-1871000 652500
-1872000 652500
-1872500 653000
-1873000 653500
-1873500 654000
-1874000 654500
-1874500 655000
-1875000 655500
-1876000 655500
-1877000 655500
-1878000 655500
-1878500 655000
-1878500 654000
-1878500 653000
-1879000 652500
-1879500 652000
-1879000 651500
-1878500 651000
-1878500 650000
-1878000 649500
-1877500 649000
-1877500 648000
-1877500 647000
-1877500 646000
-1877500 645000
-1877000 644500
-1876500 644000
-1876500 643000
-1876000 642500
-1875500 642000
-1875500 641000
-1876000 640500
-1877000 640500
-1877500 640000
-1878000 639500
-1879000 639500
-1880000 639500
-1881000 639500
-1881500 639000
-1882000 638500
-1883000 638500
-1883500 638000
-1884000 637500
-1884500 637000
-1885000 636500
-1885500 636000
-1886000 635500
-1886500 635000
-1886000 634500
-1885500 634000
-1885500 633000
-1885500 632000
-1885500 631000
-1885500 630000
-1885500 629000
-1885500 628000
-1885000 627500
-1884500 627000
-1884500 626000
-1884000 625500
-1883500 625000
-1883500 624000
-1883500 623000
-1884000 622500
-1884500 622000
-1884500 621000
-1884500 620000
-1884500 619000
-1885000 618500
-1886000 618500
-1887000 618500
-1888000 618500
-1888500 619000
-1889000 619500
-1889500 620000
-1890000 620500
-1891000 620500
-1892000 620500
-1892500 621000
-1893000 621500
-1894000 621500
-1894500 622000
-1895000 622500
-1896000 622500
-1897000 622500
-1897500 622000
-1897500 621000
-1897500 620000
-1898000 619500
-1899000 619500
-1899500 619000
-1900000 618500
-1900500 618000
-1901000 617500
-1902000 617500
-1903000 617500
-1904000 617500
-1904500 617000
-1905000 616500
-1906000 616500
-1907000 616500
-1907500 616000
-1908000 615500
-1908500 615000
-1908000 614500
-1907500 614000
-1908000 613500
-1909000 613500
-1909500 614000
-1910000 614500
-1911000 614500
-1912000 614500
-1913000 614500
-1914000 614500
-1914500 614000
-1915000 613500
-1916000 613500
-1917000 613500
-1918000 613500
-1919000 613500
-1919500 613000
-1919500 612000
-1919500 611000
-1919000 610500
-1918000 610500
-1917500 610000
-1917000 609500
-1916500 609000
-1916500 608000
-1916000 607500
-1915500 607000
-1915500 606000
-1915000 605500
-1914500 605000
-1914000 604500
-1913000 604500
-1912000 604500
-1911000 604500
-1910500 604000
-1910500 603000
-1910000 602500
-1909500 602000
-1909500 601000
-1909500 600000
-1909000 599500
-1908000 599500
-1907500 599000
-1908000 598500
-1909000 598500
-1909500 598000
-1909500 597000
-1910000 596500
-1910500 596000
-1910000 595500
-1909000 595500
-1908500 595000
-1908000 594500
-1907000 594500
-1906500 594000
-1906000 593500
-1905000 593500
-1904000 593500
-1903500 593000
-1903000 592500
-1902000 592500
-1901000 592500
-1900500 592000
-1900000 591500
-1899000 591500
-1898500 591000
-1898000 590500
-1897000 590500
-1896500 590000
-1896000 589500
-1895500 589000
-1895000 588500
-1894500 588000
-1894000 587500
-1893500 587000
-1893500 586000
-1893500 585000
-1893000 584500
-1892500 584000
-1892000 583500
-1891500 583000
-1891500 582000
-1891500 581000
-1892000 580500
-1892500 580000
-1892500 579000
-1892500 578000
-1892500 577000
-1892500 576000
-1893000 575500
-1893500 575000
-1894000 574500
-1894500 574000
-1895000 573500
-1895500 573000
-1896000 572500
-1896500 572000
-1897000 571500
-1898000 571500
-1898500 571000
-1898500 570000
-1899000 569500
-1900000 569500
-1900500 569000
-1901000 568500
-1902000 568500
-1903000 568500
-1903500 568000
-1904000 567500
-1905000 567500
-1906000 567500
-1906500 567000
-1907000 566500
-1907500 566000
-1907500 565000
-1907500 564000
-1907500 563000
-1907500 562000
-1907500 561000
-1908000 560500
-1908500 560000
-1908500 559000
-1909000 558500
-1909500 558000
-1910000 557500
-1910500 557000
-1911000 556500
-1911500 556000
-1911500 555000
-1911500 554000
-1911500 553000
-1911000 552500
-1910500 552000
-1910000 551500
-1909000 551500
-1908000 551500
-1907500 552000
-1907000 552500
-1906000 552500
-1905500 553000
-1905000 553500
-1904500 554000
-1904000 554500
-1903000 554500
-1902000 554500
-1901500 555000
-1901000 555500
-1900000 555500
-1899000 555500
-1898500 556000
-1898000 556500
-1897000 556500
-1896000 556500
-1895500 557000
-1895000 557500
-1894000 557500
-1893500 558000
-1893000 558500
-1892000 558500
-1891500 559000
-1891000 559500
-1890000 559500
-1889000 559500
-1888500 559000
-1888000 558500
-1887500 558000
-1887500 557000
-1887500 556000
-1887500 555000
-1887000 554500
-1886500 554000
-1886000 553500
-1885500 553000
-1885500 552000
-1885000 551500
-1884500 551000
-1884500 550000
-1884500 549000
-1884000 548500
-1883500 548000
-1883000 547500
-1882500 547000
-1882000 546500
-1881500 546000
-1881000 545500
-1880000 545500
-1879000 545500
-1878500 545000
-1878500 544000
-1878500 543000
-1878500 542000
-1878500 541000
-1878500 540000
-1878000 539500
-1877500 539000
-1877500 538000
-1877000 537500
-1876500 537000
-1877000 536500
-1877500 536000
-1877500 535000
-1878000 534500
-1878500 534000
-1879000 533500
-1879500 533000
-1880000 532500
-1880500 532000
-1881000 531500
-1882000 531500
-1883000 531500
-1884000 531500
-1885000 531500
-1886000 531500
-1887000 531500
-1888000 531500
-1889000 531500
-1890000 531500
-1891000 531500
-1891500 531000
-1892000 530500
-1893000 530500
-1894000 530500
-1894500 530000
-1895000 529500
-1895500 529000
-1895500 528000
-1895500 527000
-1895500 526000
-1895000 525500
-1894500 525000
-1894000 524500
-1893000 524500
-1892500 524000
-1892500 523000
-1892500 522000
-1893000 521500
-1893500 521000
-1893000 520500
-1892500 520000
-1892500 519000
-1892500 518000
-1892500 517000
-1893000 516500
-1893500 516000
-1894000 515500
-1894500 515000
-1894500 514000
-1895000 513500
-1895500 513000
-1896000 512500
-1897000 512500
-1897500 512000
-1898000 511500
-1898500 511000
-1899000 510500
-1899500 510000
-1900000 509500
-1900500 509000
-1901000 508500
-1902000 508500
-1903000 508500
-1903500 508000
-1904000 507500
-1904500 507000
-1905000 506500
-1906000 506500
-1906500 506000
-1907000 505500
-1908000 505500
-1908500 505000
-1909000 504500
-1909500 504000
-1910000 503500
-1911000 503500
-1911500 503000
-1912000 502500
-1912500 502000
-1913000 501500
-1914000 501500
-1915000 501500
-1915500 501000
-1916000 500500
-1916500 500000
-1917000 499500
-1918000 499500
-1919000 499500
-1920000 499500
-1921000 499500
-1922000 499500
-1923000 499500
-1924000 499500
-1924500 500000
-1925000 500500
-1926000 500500
-1926500 501000
-1927000 501500
-1928000 501500
-1928500 502000
-1929000 502500
-1929500 503000
-1929500 504000
-1930000 504500
-1930500 505000
-1930000 505500
-1929500 506000
-1929500 507000
-1929500 508000
-1930000 508500
-1931000 508500
-1932000 508500
-1932500 509000
-1932500 510000
-1932500 511000
-1933000 511500
-1933500 511000
-1934000 510500
-1934500 510000
-1935000 509500
-1936000 509500
-1936500 510000
-1937000 510500
-1938000 510500
-1939000 510500
-1939500 510000
-1939500 509000
-1939500 508000
-1940000 507500
-1940500 507000
-1941000 506500
-1942000 506500
-1942500 506000
-1943000 505500
-1944000 505500
-1944500 506000
-1945000 506500
-1945500 507000
-1946000 507500
-1947000 507500
-1947500 508000
-1947500 509000
-1948000 509500
-1948500 510000
-1948500 511000
-1948500 512000
-1948500 513000
-1948500 514000
-1948500 515000
-1949000 515500
-1949500 516000
-1950000 516500
-1951000 516500
-1951500 517000
-1952000 517500
-1953000 517500
-1953500 518000
-1954000 518500
-1954500 519000
-1955000 519500
-1955500 520000
-1955500 521000
-1955500 522000
-1955500 523000
-1955000 523500
-1954500 524000
-1954500 525000
-1954500 526000
-1954500 527000
-1954000 527500
-1953500 528000
-1953000 528500
-1952500 529000
-1952000 529500
-1951500 530000
-1951000 530500
-1950000 530500
-1949000 530500
-1948000 530500
-1947000 530500
-1946000 530500
-1945500 531000
-1945000 531500
-1944000 531500
-1943000 531500
-1942000 531500
-1941000 531500
-1940500 532000
-1940000 532500
-1939000 532500
-1938500 533000
-1938500 534000
-1938500 535000
-1938000 535500
-1937500 536000
-1937500 537000
-1937000 537500
-1936500 538000
-1936000 538500
-1935500 539000
-1935000 539500
-1934500 540000
-1934000 540500
-1933000 540500
-1932500 541000
-1932500 542000
-1933000 542500
-1934000 542500
-1934500 543000
-1934500 544000
-1935000 544500
-1936000 544500
-1937000 544500
-1938000 544500
-1939000 544500
-1939500 544000
-1940000 543500
-1941000 543500
-1941500 543000
-1942000 542500
-1943000 542500
-1944000 542500
-1945000 542500
-1945500 543000
-1946000 543500
-1947000 543500
-1948000 543500
-1949000 543500
-1950000 543500
-1951000 543500
-1952000 543500
-1952500 544000
-1953000 544500
-1954000 544500
-1954500 545000
-1955000 545500
-1956000 545500
-1957000 545500
-1958000 545500
-1959000 545500
-1959500 546000
-1960000 546500
-1961000 546500
-1961500 547000
-1961500 548000
-1962000 548500
-1962500 549000
-1962500 550000
-1963000 550500
-1963500 551000
-1963500 552000
-1963500 553000
-1963500 554000
-1963500 555000
-1963500 556000
-1963000 556500
-1962500 557000
-1962500 558000
-1962000 558500
-1961500 559000
-1961000 559500
-1960500 560000
-1960000 560500
-1959000 560500
-1958000 560500
-1957500 561000
-1957000 561500
-1956000 561500
-1955500 562000
-1955000 562500
-1954500 563000
-1954000 563500
-1953000 563500
-1952500 564000
-1952000 564500
-1951500 565000
-1951000 565500
-1950000 565500
-1949500 566000
-1949000 566500
-1948000 566500
-1947500 566000
-1947000 565500
-1946000 565500
-1945500 566000
-1945500 567000
-1945000 567500
-1944000 567500
-1943000 567500
-1942000 567500
-1941500 568000
-1941500 569000
-1941000 569500
-1940000 569500
-1939000 569500
-1938500 570000
-1938000 570500
-1937000 570500
-1936000 570500
-1935500 571000
-1935000 571500
-1934000 571500
-1933000 571500
-1932500 572000
-1932000 572500
-1931500 573000
-1931500 574000
-1932000 574500
-1932500 575000
-1933000 575500
-1934000 575500
-1935000 575500
-1935500 576000
-1936000 576500
-1937000 576500
-1937500 577000
-1937500 578000
-1937500 579000
-1937500 580000
-1938000 580500
-1939000 580500
-1939500 580000
-1940000 579500
-1941000 579500
-1941500 579000
-1941500 578000
-1942000 577500
-1942500 577000
-1943000 576500
-1943500 576000
-1944000 575500
-1945000 575500
-1946000 575500
-1947000 575500
-1948000 575500
-1948500 575000
-1949000 574500
-1950000 574500
-1951000 574500
-1951500 574000
-1952000 573500
-1953000 573500
-1954000 573500
-1955000 573500
-1956000 573500
-1957000 573500
-1958000 573500
-1959000 573500
-1959500 574000
-1960000 574500
-1961000 574500
-1961500 575000
-1961500 576000
-1962000 576500
-1963000 576500
-1963500 577000
-1963500 578000
-1963500 579000
-1963500 580000
-1964000 580500
-1964500 581000
-1964000 581500
-1963500 582000
-1963500 583000
-1963500 584000
-1963000 584500
-1962500 585000
-1962500 586000
-1962000 586500
-1961500 587000
-1961500 588000
-1961000 588500
-1960500 589000
-1960500 590000
-1960000 590500
-1959500 591000
-1959000 591500
-1958500 592000
-1958500 593000
-1958000 593500
-1957500 594000
-1957000 594500
-1956500 595000
-1956000 595500
-1955500 596000
-1955500 597000
-1955000 597500
-1954500 598000
-1954000 598500
-1953500 599000
-1953000 599500
-1952000 599500
-1951500 600000
-1951000 600500
-1950500 601000
-1950000 601500
-1949000 601500
-1948000 601500
-1947500 602000
-1947500 603000
-1947000 603500
-1946500 604000
-1946000 604500
-1945500 605000
-1945500 606000
-1945500 607000
-1945500 608000
-1946000 608500
-1946500 609000
-1947000 609500
-1947500 610000
-1948000 610500
-1948500 611000
-1948500 612000
-1948500 613000
-1948500 614000
-1948000 614500
-1947500 615000
-1947000 615500
-1946500 616000
-1946500 617000
-1946000 617500
-1945500 618000
-1945500 619000
-1945000 619500
-1944500 620000
-1944500 621000
-1944000 621500
-1943500 622000
-1943500 623000
-1943500 624000
-1944000 624500
-1945000 624500
-1945500 624000
-1946000 623500
-1946500 624000
-1947000 624500
-1947500 625000
-1947500 626000
-1948000 626500
-1948500 626000
-1949000 625500
-1950000 625500
-1950500 625000
-1951000 624500
-1951500 624000
-1952000 623500
-1952500 623000
-1952500 622000
-1953000 621500
-1953500 621000
-1953500 620000
-1954000 619500
-1954500 619000
-1955000 618500
-1955500 618000
-1956000 617500
-1956500 617000
-1957000 616500
-1957500 616000
-1958000 615500
-1958500 615000
-1958500 614000
-1959000 613500
-1959500 613000
-1959500 612000
-1959500 611000
-1960000 610500
-1960500 610000
-1961000 609500
-1961500 609000
-1962000 608500
-1962500 608000
-1963000 607500
-1963500 607000
-1964000 606500
-1964500 606000
-1965000 605500
-1965500 605000
-1966000 604500
-1966500 604000
-1967000 603500
-1968000 603500
-1968500 603000
-1969000 602500
-1970000 602500
-1971000 602500
-1971500 602000
-1972000 601500
-1973000 601500
-1974000 601500
-1974500 601000
-1975000 600500
-1976000 600500
-1977000 600500
-1978000 600500
-1979000 600500
-1979500 601000
-1980000 601500
-1980500 602000
-1980500 603000
-1981000 603500
-1981500 604000
-1981500 605000
-1982000 605500
-1982500 606000
-1982000 606500
-1981500 607000
-1981000 607500
-1980500 608000
-1980000 608500
-1979500 609000
-1980000 609500
-1980500 610000
-1980500 611000
-1981000 611500
-1981500 612000
-1982000 612500
-1982500 613000
-1982500 614000
-1982000 614500
-1981500 615000
-1981500 616000
-1981500 617000
-1981000 617500
-1980500 618000
-1980000 618500
-1979000 618500
-1978500 619000
-1978500 620000
-1978500 621000
-1978500 622000
-1979000 622500
-1980000 622500
-1980500 622000
-1981000 621500
-1982000 621500
-1982500 622000
-1982500 623000
-1983000 623500
-1984000 623500
-1984500 624000
-1984000 624500
-1983500 625000
-1983000 625500
-1982000 625500
-1981000 625500
-1980500 625000
-1980000 624500
-1979500 625000
-1979500 626000
-1979500 627000
-1979500 628000
-1979500 629000
-1979000 629500
-1978500 630000
-1978000 630500
-1977500 631000
-1977000 631500
-1976500 632000
-1976500 633000
-1976000 633500
-1975000 633500
-1974500 633000
-1974000 632500
-1973500 633000
-1973500 634000
-1973000 634500
-1972500 635000
-1972500 636000
-1972000 636500
-1971500 637000
-1971500 638000
-1971000 638500
-1970500 639000
-1970000 639500
-1969000 639500
-1968500 640000
-1968500 641000
-1968500 642000
-1968000 642500
-1967000 642500
-1966000 642500
-1965500 643000
-1965000 643500
-1964000 643500
-1963500 644000
-1963000 644500
-1962500 645000
-1962000 645500
-1961500 646000
-1961000 646500
-1960500 647000
-1961000 647500
-1961500 648000
-1961500 649000
-1961500 650000
-1961000 650500
-1960500 651000
-1960000 651500
-1959500 652000
-1960000 652500
-1960500 653000
-1960500 654000
-1961000 654500
-1961500 655000
-1962000 655500
-1962500 656000
-1962500 657000
-1963000 657500
-1964000 657500
-1964500 658000
-1964500 659000
-1964500 660000
-1965000 660500
-1965500 661000
-1965500 662000
-1966000 662500
-1966500 663000
-1966500 664000
-1967000 664500
-1968000 664500
-1969000 664500
-1969500 665000
-1969500 666000
-1970000 666500
-1971000 666500
-1971500 666000
-1972000 665500
-1972500 666000
-1973000 666500
-1974000 666500
-1975000 666500
-1976000 666500
-1976500 667000
-1976500 668000
-1976000 668500
-1975000 668500
-1974500 669000
-1974000 669500
-1973500 670000
-1974000 670500
-1974500 671000
-1975000 671500
-1975500 672000
-1976000 672500
-1976500 673000
-1977000 673500
-1977500 674000
-1977500 675000
-1978000 675500
-1978500 676000
-1978500 677000
-1978500 678000
-1978000 678500
-1977500 679000
-1977000 679500
-1976000 679500
-1975500 679000
-1975500 678000
-1975000 677500
-1974500 677000
-1974500 676000
-1974500 675000
-1974500 674000
-1974500 673000
-1974000 672500
-1973500 672000
-1973000 671500
-1972500 672000
-1972000 672500
-1971500 673000
-1971500 674000
-1972000 674500
-1972500 675000
-1972500 676000
-1972500 677000
-1972000 677500
-1971000 677500
-1970500 678000
-1970500 679000
-1970000 679500
-1969000 679500
-1968500 680000
-1968000 680500
-1967500 681000
-1967500 682000
-1967500 683000
-1967500 684000
-1967000 684500
-1966500 685000
-1966500 686000
-1966500 687000
-1966000 687500
-1965500 688000
-1966000 688500
-1966500 689000
-1966500 690000
-1966500 691000
-1967000 691500
-1967500 692000
-1968000 692500
-1969000 692500
-1969500 693000
-1969500 694000
-1969000 694500
-1968500 695000
-1968000 695500
-1967500 696000
-1967500 697000
-1967000 697500
-1966500 698000
-1966500 699000
-1967000 699500
-1967500 700000
-1967500 701000
-1967500 702000
-1967000 702500
-1966500 703000
-1966500 704000
-1966000 704500
-1965500 705000
-1965500 706000
-1965000 706500
-1964500 707000
-1964000 707500
-1963000 707500
-1962000 707500
-1961500 707000
-1961000 706500
-1960000 706500
-1959000 706500
-1958000 706500
-1957000 706500
-1956000 706500
-1955000 706500
-1954000 706500
-1953000 706500
-1952000 706500
-1951000 706500
-1950000 706500
-1949500 706000
-1949000 705500
-1948500 706000
-1948000 706500
-1947000 706500
-1946000 706500
-1945000 706500
-1944000 706500
-1943500 707000
-1943000 707500
-1942500 708000
-1942500 709000
-1942500 710000
-1943000 710500
-1943500 711000
-1944000 711500
-1944500 712000
-1944500 713000
-1945000 713500
-1945500 714000
-1946000 714500
-1946500 715000
-1947000 715500
-1948000 715500
-1948500 716000
-1949000 716500
-1950000 716500
-1951000 716500
-1952000 716500
-1953000 716500
-1954000 716500
-1954500 717000
-1955000 717500
-1955500 718000
-1956000 718500
-1957000 718500
-1958000 718500
-1959000 718500
-1960000 718500
-1960500 718000
-1960500 717000
-1961000 716500
-1961500 717000
-1961500 718000
-1961500 719000
-1961500 720000
-1962000 720500
-1962500 721000
-1963000 721500
-1963500 722000
-1964000 722500
-1965000 722500
-1965500 723000
-1966000 723500
-1967000 723500
-1967500 724000
-1968000 724500
-1969000 724500
-1969500 725000
-1970000 725500
-1970500 725000
-1971000 724500
-1972000 724500
-1972500 724000
-1972500 723000
-1972000 722500
-1971500 722000
-1971000 721500
-1970000 721500
-1969500 721000
-1969000 720500
-1968500 720000
-1968500 719000
-1969000 718500
-1970000 718500
-1971000 718500
-1971500 718000
-1972000 717500
-1973000 717500
-1973500 717000
-1974000 716500
-1974500 716000
-1974500 715000
-1974500 714000
-1974500 713000
-1974000 712500
-1973000 712500
-1972000 712500
-1971000 712500
-1970500 712000
-1971000 711500
-1971500 711000
-1972000 710500
-1973000 710500
-1974000 710500
-1974500 711000
-1975000 711500
-1976000 711500
-1976500 711000
-1977000 710500
-1977500 710000
-1977500 709000
-1978000 708500
-1979000 708500
-1979500 708000
-1980000 707500
-1980500 707000
-1981000 706500
-1981500 706000
-1982000 705500
-1982500 705000
-1983000 704500
-1983500 704000
-1983000 703500
-1982500 703000
-1982500 702000
-1982500 701000
-1982000 700500
-1981500 700000
-1981500 699000
-1981500 698000
-1981500 697000
-1982000 696500
-1982500 696000
-1982500 695000
-1983000 694500
-1984000 694500
-1984500 694000
-1984500 693000
-1985000 692500
-1985500 692000
-1985500 691000
-1986000 690500
-1987000 690500
-1987500 690000
-1988000 689500
-1989000 689500
-1990000 689500
-1991000 689500
-1991500 689000
-1992000 688500
-1993000 688500
-1993500 688000
-1993500 687000
-1994000 686500
-1994500 686000
-1994500 685000
-1995000 684500
-1995500 684000
-1996000 683500
-1996500 683000
-1996500 682000
-1996500 681000
-1997000 680500
-1998000 680500
-1999000 680500
-2000000 680500
-2001000 680500
-2002000 680500
-2003000 680500
-2003500 681000
-2004000 681500
-2004500 681000
-2005000 680500
-2006000 680500
-2007000 680500
-2007500 681000
-2008000 681500
-2008500 682000
-2009000 682500
-2010000 682500
-2010500 683000
-2011000 683500
-2011500 684000
-2012000 684500
-2012500 685000
-2013000 685500
-2014000 685500
-2014500 686000
-2014500 687000
-2014500 688000
-2014500 689000
-2015000 689500
-2015500 690000
-2015500 691000
-2016000 691500
-2016500 692000
-2017000 692500
-2018000 692500
-2018500 693000
-2019000 693500
-2019500 694000
-2020000 694500
-2020500 695000
-2021000 695500
-2022000 695500
-2023000 695500
-2023500 696000
-2024000 696500
-2025000 696500
-2026000 696500
-2026500 697000
-2026500 698000
-2027000 698500
-2027500 699000
-2027000 699500
-2026500 700000
-2026500 701000
-2026500 702000
-2026500 703000
-2027000 703500
-2027500 704000
-2027500 705000
-2027500 706000
-2028000 706500
-2028500 707000
-2028500 708000
-2028500 709000
-2028500 710000
-2028500 711000
-2028500 712000
-2028000 712500
-2027500 713000
-2027500 714000
-2027500 715000
-2027000 715500
-2026500 716000
-2026500 717000
-2026500 718000
-2026500 719000
-2027000 719500
-2027500 720000
-2027000 720500
-2026500 721000
-2027000 721500
-2027500 722000
-2027500 723000
-2027000 723500
-2026500 724000
-2027000 724500
-2027500 725000
-2028000 725500
-2028500 726000
-2028000 726500
-2027500 727000
-2027500 728000
-2027500 729000
-2027500 730000
-2028000 730500
-2028500 731000
-2029000 731500
-2030000 731500
-2030500 732000
-2030500 733000
-2030500 734000
-2030000 734500
-2029500 735000
-2029000 735500
-2028500 736000
-2028000 736500
-2027000 736500
-2026500 737000
-2026000 737500
-2025500 738000
-2025000 738500
-2024500 739000
-2024000 739500
-2023500 740000
-2023000 740500
-2022000 740500
-2021500 741000
-2021000 741500
-2020000 741500
-2019500 742000
-2019000 742500
-2018500 743000
-2018500 744000
-2018000 744500
-2017500 745000
-2017500 746000
-2017500 747000
-2017500 748000
-2018000 748500
-2019000 748500
-2020000 748500
-2020500 748000
-2021000 747500
-2022000 747500
-2022500 747000
-2023000 746500
-2024000 746500
-2024500 746000
-2025000 745500
-2026000 745500
-2026500 745000
-2027000 744500
-2027500 744000
-2028000 743500
-2028500 743000
-2029000 742500
-2030000 742500
-2031000 742500
-2032000 742500
-2032500 742000
-2033000 741500
-2033500 741000
-2034000 740500
-2034500 740000
-2034500 739000
-2035000 738500
-2035500 738000
-2036000 737500
-2036500 737000
-2037000 736500
-2037500 736000
-2038000 735500
-2039000 735500
-2039500 735000
-2039500 734000
-2039000 733500
-2038500 733000
-2039000 732500
-2040000 732500
-2040500 733000
-2041000 733500
-2042000 733500
-2043000 733500
-2044000 733500
-2044500 734000
-2045000 734500
-2046000 734500
-2046500 735000
-2047000 735500
-2047500 736000
-2048000 736500
-2049000 736500
-2049500 736000
-2050000 735500
-2050500 735000
-2050500 734000
-2050500 733000
-2050000 732500
-2049500 732000
-2049500 731000
-2049500 730000
-2049500 729000
-2050000 728500
-2050500 728000
-2051000 727500
-2051500 727000
-2051500 726000
-2051500 725000
-2052000 724500
-2052500 724000
-2052500 723000
-2052500 722000
-2053000 721500
-2054000 721500
-2055000 721500
-2055500 722000
-2055500 723000
-2056000 723500
-2057000 723500
-2057500 723000
-2058000 722500
-2058500 722000
-2059000 721500
-2059500 721000
-2059500 720000
-2059500 719000
-2059500 718000
-2059000 717500
-2058500 717000
-2058500 716000
-2058000 715500
-2057500 715000
-2057000 714500
-2056000 714500
-2055000 714500
-2054500 714000
-2054500 713000
-2054500 712000
-2054000 711500
-2053500 711000
-2053000 710500
-2052500 710000
-2052000 709500
-2051500 709000
-2051500 708000
-2051500 707000
-2051000 706500
-2050500 706000
-2050500 705000
-2051000 704500
-2051500 704000
-2051500 703000
-2052000 702500
-2053000 702500
-2054000 702500
-2054500 703000
-2055000 703500
-2056000 703500
-2057000 703500
-2057500 703000
-2057500 702000
-2058000 701500
-2058500 701000
-2058500 700000
-2058500 699000
-2058500 698000
-2059000 697500
-2059500 697000
-2060000 696500
-2061000 696500
-2061500 696000
-2062000 695500
-2063000 695500
-2064000 695500
-2065000 695500
-2066000 695500
-2066500 695000
-2067000 694500
-2067500 694000
-2068000 693500
-2069000 693500
-2069500 693000
-2069500 692000
-2070000 691500
-2070500 691000
-2071000 690500
-2071500 690000
-2072000 689500
-2072500 689000
-2073000 688500
-2073500 688000
-2074000 687500
-2075000 687500
-2076000 687500
-2076500 687000
-2077000 686500
-2078000 686500
-2078500 686000
-2079000 685500
-2080000 685500
-2080500 685000
-2081000 684500
-2082000 684500
-2082500 684000
-2083000 683500
-2084000 683500
-2084500 684000
-2085000 684500
-2085500 684000
-2086000 683500
-2087000 683500
-2088000 683500
-2088500 683000
-2089000 682500
-2090000 682500
-2091000 682500
-2092000 682500
-2093000 682500
-2093500 683000
-2093500 684000
-2094000 684500
-2095000 684500
-2095500 685000
-2096000 685500
-2096500 685000
-2097000 684500
-2097500 685000
-2098000 685500
-2098500 686000
-2099000 686500
-2099500 687000
-2099500 688000
-2100000 688500
-2101000 688500
-2101500 689000
-2102000 689500
-2103000 689500
-2103500 690000
-2104000 690500
-2105000 690500
-2106000 690500
-2106500 691000
-2106500 692000
-2107000 692500
-2107500 693000
-2107000 693500
-2106500 694000
-2106500 695000
-2106500 696000
-2106500 697000
-2106000 697500
-2105500 698000
-2105500 699000
-2106000 699500
-2106500 700000
-2107000 700500
-2108000 700500
-2108500 701000
-2109000 701500
-2110000 701500
-2111000 701500
-2112000 701500
-2112500 701000
-2113000 700500
-2113500 701000
-2114000 701500
-2115000 701500
-2116000 701500
-2116500 701000
-2117000 700500
-2118000 700500
-2119000 700500
-2119500 700000
-2120000 699500
-2120500 700000
-2121000 700500
-2122000 700500
-2123000 700500
-2124000 700500
-2125000 700500
-2125500 701000
-2126000 701500
-2127000 701500
-2128000 701500
-2128500 702000
-2129000 702500
-2130000 702500
-2130500 703000
-2130500 704000
-2131000 704500
-2132000 704500
-2132500 705000
-2133000 705500
-2133500 706000
-2134000 706500
-2135000 706500
-2136000 706500
-2137000 706500
-2137500 707000
-2138000 707500
-2138500 708000
-2139000 708500
-2139500 709000
-2140000 709500
-2140500 710000
-2140500 711000
-2141000 711500
-2141500 711000
-2142000 710500
-2143000 710500
-2144000 710500
-2145000 710500
-2146000 710500
-2146500 711000
-2147000 711500
-2148000 711500
-2149000 711500
-2149500 711000
-2150000 710500
-2150500 710000
-2150500 709000
-2150500 708000
-2151000 707500
-2151500 707000
-2152000 706500
-2153000 706500
-2154000 706500
-2154500 706000
-2155000 705500
-2155500 705000
-2155500 704000
-2156000 703500
-2156500 703000
-2157000 702500
-2157500 703000
-2158000 703500
-2159000 703500
-2159500 703000
-2159500 702000
-2160000 701500
-2160500 701000
-2160500 700000
-2160500 699000
-2161000 698500
-2161500 699000
-2161500 700000
-2162000 700500
-2162500 701000
-2163000 701500
-2164000 701500
-2165000 701500
-2166000 701500
-2167000 701500
-2167500 701000
-2168000 700500
-2168500 700000
-2169000 699500
-2170000 699500
-2171000 699500
-2172000 699500
-2172500 700000
-2173000 700500
-2174000 700500
-2175000 700500
-2175500 701000
-2176000 701500
-2176500 702000
-2177000 702500
-2177500 703000
-2178000 703500
-2178500 703000
-2179000 702500
-2180000 702500
-2181000 702500
-2182000 702500
-2183000 702500
-2183500 702000
-2184000 701500
-2185000 701500
-2186000 701500
-2187000 701500
-2187500 702000
-2188000 702500
-2188500 703000
-2189000 703500
-2189500 704000
-2190000 704500
-2190500 705000
-2190500 706000
-2191000 706500
-2192000 706500
-2192500 707000
-2192500 708000
-2193000 708500
-2193500 709000
-2193500 710000
-2194000 710500
-2194500 711000
-2194500 712000
-2195000 712500
-2196000 712500
-2196500 713000
-2197000 713500
-2198000 713500
-2198500 714000
-2198500 715000
-2198500 716000
-2199000 716500
-2199500 717000
-2199500 718000
-2199500 719000
-2199500 720000
-2199000 720500
-2198500 721000
-2199000 721500
-2199500 722000
-2199500 723000
-2199500 724000
-2199500 725000
-2199500 726000
-2199500 727000
-2199500 728000
-2199500 729000
-2199500 730000
-2200000 730500
-2200500 731000
-2201000 731500
-2201500 732000
-2202000 732500
-2202500 733000
-2202500 734000
-2203000 734500
-2203500 735000
-2203000 735500
-2202500 736000
-2203000 736500
-2203500 737000
-2203500 738000
-2203000 738500
-2202500 739000
-2202500 740000
-2202000 740500
-2201500 741000
-2201500 742000
-2201000 742500
-2200500 743000
-2200500 744000
-2200000 744500
-2199500 745000
-2199500 746000
-2199500 747000
-2199500 748000
-2199500 749000
-2199500 750000
-2199000 750500
-2198000 750500
-2197500 751000
-2197000 751500
-2196500 752000
-2196500 753000
-2196000 753500
-2195500 754000
-2195500 755000
-2195500 756000
-2195500 757000
-2195500 758000
-2196000 758500
-2196500 759000
-2197000 759500
-2197500 760000
-2198000 760500
-2198500 761000
-2198500 762000
-2198000 762500
-2197500 763000
-2197500 764000
-2197500 765000
-2198000 765500
-2198500 766000
-2198500 767000
-2198500 768000
-2198000 768500
-2197500 769000
-2197000 769500
-2196500 770000
-2196000 770500
-2195500 771000
-2196000 771500
-2197000 771500
-2197500 772000
-2197000 772500
-2196000 772500
-2195500 773000
-2195000 773500
-2194500 774000
-2195000 774500
-2195500 775000
-2195500 776000
-2195500 777000
-2195500 778000
-2196000 778500
-2196500 779000
-2196500 780000
-2196000 780500
-2195500 781000
-2195000 781500
-2194500 782000
-2194000 782500
-2193000 782500
-2192000 782500
-2191000 782500
-2190500 783000
-2190500 784000
-2190000 784500
-2189500 785000
-2189000 785500
-2188000 785500
-2187500 786000
-2187000 786500
-2186500 787000
-2186000 787500
-2185500 788000
-2185000 788500
-2184000 788500
-2183000 788500
-2182000 788500
-2181500 789000
-2181000 789500
