-1564000 -576500
-1563000 -576500
-1562000 -576500
-1561000 -576500
-1560000 -576500
-1559500 -577000
-1559000 -577500
-1558000 -577500
-1557000 -577500
-1556500 -578000
-1556000 -578500
-1555000 -578500
-1554500 -579000
-1554000 -579500
-1553500 -580000
-1553000 -580500
-1552500 -581000
-1552500 -582000
-1552000 -582500
-1551500 -583000
-1551500 -584000
-1551000 -584500
-1550500 -585000
-1550000 -585500
-1549000 -585500
-1548000 -585500
-1547000 -585500
-1546000 -585500
-1545000 -585500
-1544000 -585500
-1543000 -585500
-1542000 -585500
-1541000 -585500
-1540000 -585500
-1539000 -585500
-1538500 -586000
-1538000 -586500
-1537000 -586500
-1536500 -587000
-1536000 -587500
-1535500 -588000
-1535500 -589000
-1535000 -589500
-1534000 -589500
-1533500 -590000
-1533500 -591000
-1533000 -591500
-1532500 -592000
-1532500 -593000
-1532500 -594000
-1532500 -595000
-1532500 -596000
-1533000 -596500
-1533500 -597000
-1533500 -598000
-1534000 -598500
-1534500 -599000
-1534500 -600000
-1534500 -601000
-1534500 -602000
-1534500 -603000
-1534500 -604000
-1534500 -605000
-1534500 -606000
-1534500 -607000
-1534500 -608000
-1535000 -608500
-1535500 -609000
-1536000 -609500
-1537000 -609500
-1537500 -610000
-1538000 -610500
-1539000 -610500
-1539500 -611000
-1540000 -611500
-1541000 -611500
-1542000 -611500
-1542500 -612000
-1543000 -612500
-1544000 -612500
-1545000 -612500
-1545500 -612000
-1546000 -611500
-1547000 -611500
-1547500 -612000
-1548000 -612500
-1549000 -612500
-1550000 -612500
-1550500 -613000
-1551000 -613500
-1551500 -614000
-1551000 -614500
-1550500 -615000
-1550500 -616000
-1550500 -617000
-1551000 -617500
-1551500 -618000
-1552000 -618500
-1553000 -618500
-1553500 -619000
-1554000 -619500
-1554500 -620000
-1554500 -621000
-1555000 -621500
-1555500 -622000
-1556000 -622500
-1557000 -622500
-1557500 -623000
-1557500 -624000
-1558000 -624500
-1558500 -625000
-1558500 -626000
-1559000 -626500
-1559500 -627000
-1560000 -627500
-1561000 -627500
-1561500 -628000
-1562000 -628500
-1562500 -629000
-1563000 -629500
-1564000 -629500
-1565000 -629500
-1565500 -630000
-1566000 -630500
-1567000 -630500
-1568000 -630500
-1569000 -630500
-1570000 -630500
-1571000 -630500
-1572000 -630500
-1573000 -630500
-1573500 -630000
-1574000 -629500
-1574500 -629000
-1574500 -628000
-1574500 -627000
-1574500 -626000
-1575000 -625500
-1575500 -625000
-1575500 -624000
-1575500 -623000
-1576000 -622500
-1576500 -622000
-1576500 -621000
-1577000 -620500
-1577500 -620000
-1578000 -619500
-1578500 -619000
-1579000 -618500
-1579500 -618000
-1580000 -617500
-1581000 -617500
-1581500 -618000
-1581500 -619000
-1581500 -620000
-1581500 -621000
-1581500 -622000
-1581500 -623000
-1581500 -624000
-1581500 -625000
-1581500 -626000
-1581500 -627000
-1581500 -628000
-1581500 -629000
-1582000 -629500
-1582500 -630000
-1582500 -631000
-1583000 -631500
-1583500 -632000
-1584000 -632500
-1584500 -633000
-1584500 -634000
-1585000 -634500
-1586000 -634500
-1586500 -635000
-1587000 -635500
-1587500 -636000
-1588000 -636500
-1588500 -637000
-1588500 -638000
-1589000 -638500
-1590000 -638500
-1590500 -639000
-1591000 -639500
-1592000 -639500
-1592500 -640000
-1593000 -640500
-1594000 -640500
-1594500 -641000
-1595000 -641500
-1596000 -641500
-1597000 -641500
-1598000 -641500
-1598500 -642000
-1599000 -642500
-1600000 -642500
-1600500 -642000
-1601000 -641500
-1602000 -641500
-1602500 -641000
-1603000 -640500
-1603500 -640000
-1604000 -639500
-1605000 -639500
-1606000 -639500
-1607000 -639500
-1607500 -639000
-1608000 -638500
-1608500 -638000
-1608500 -637000
-1608500 -636000
-1608500 -635000
-1608500 -634000
-1608500 -633000
-1609000 -632500
-1609500 -632000
-1609500 -631000
-1609500 -630000
-1609500 -629000
-1609500 -628000
-1609500 -627000
-1610000 -626500
-1610500 -626000
-1610500 -625000
-1610000 -624500
-1609500 -624000
-1609500 -623000
-1609500 -622000
-1609500 -621000
-1609000 -620500
-1608500 -620000
-1608500 -619000
-1608000 -618500
-1607000 -618500
-1606500 -618000
-1606500 -617000
-1606000 -616500
-1605500 -616000
-1605500 -615000
-1605500 -614000
-1605500 -613000
-1605000 -612500
-1604500 -612000
-1604500 -611000
-1604000 -610500
-1603000 -610500
-1602500 -610000
-1602500 -609000
-1602000 -608500
-1601500 -608000
-1602000 -607500
-1602500 -607000
-1603000 -606500
-1604000 -606500
-1605000 -606500
-1605500 -607000
-1606000 -607500
-1607000 -607500
-1608000 -607500
-1608500 -608000
-1609000 -608500
-1610000 -608500
-1611000 -608500
-1611500 -608000
-1612000 -607500
-1612500 -607000
-1612500 -606000
-1612500 -605000
-1612500 -604000
-1612500 -603000
-1612500 -602000
-1612000 -601500
-1611500 -601000
-1611500 -600000
-1611000 -599500
-1610500 -599000
-1610000 -598500
-1609500 -598000
-1609000 -597500
-1608500 -597000
-1608000 -596500
-1607000 -596500
-1606500 -596000
-1606000 -595500
-1605500 -595000
-1605000 -594500
-1604500 -594000
-1604500 -593000
-1604000 -592500
-1603000 -592500
-1602500 -592000
-1602000 -591500
-1601500 -592000
-1601000 -592500
-1600500 -593000
-1600000 -593500
-1599500 -594000
-1599000 -594500
-1598000 -594500
-1597500 -594000
-1597500 -593000
-1597000 -592500
-1596000 -592500
-1595500 -592000
-1595500 -591000
-1595500 -590000
-1596000 -589500
-1596500 -589000
-1596500 -588000
-1596500 -587000
-1596000 -586500
-1595500 -586000
-1595000 -585500
-1594500 -585000
-1594000 -584500
-1593500 -584000
-1593000 -583500
-1592000 -583500
-1591000 -583500
-1590500 -583000
-1590000 -582500
-1589000 -582500
-1588500 -582000
-1588000 -581500
-1587000 -581500
-1586500 -581000
-1586000 -580500
-1585000 -580500
-1584500 -580000
-1584000 -579500
-1583000 -579500
-1582000 -579500
-1581000 -579500
-1580000 -579500
-1579500 -580000
-1579000 -580500
-1578500 -581000
-1578500 -582000
-1578000 -582500
-1577000 -582500
-1576500 -582000
-1576500 -581000
-1576000 -580500
-1575000 -580500
-1574000 -580500
-1573500 -581000
-1573500 -582000
-1573000 -582500
-1572500 -583000
-1572500 -584000
-1572000 -584500
-1571000 -584500
-1570000 -584500
-1569000 -584500
-1568500 -584000
-1568500 -583000
-1568500 -582000
-1568500 -581000
-1568500 -580000
-1569000 -579500
-1569500 -579000
-1569000 -578500
-1568000 -578500
-1567500 -578000
-1567000 -577500
-1566000 -577500
-1565000 -577500
-1564500 -577000
-1564000 -576500
