-1487000 -878500
-1486500 -879000
-1486500 -880000
-1486500 -881000
-1486000 -881500
-1485500 -882000
-1485500 -883000
-1485500 -884000
-1486000 -884500
-1486500 -885000
-1486500 -886000
-1487000 -886500
-1487500 -887000
-1487500 -888000
-1487500 -889000
-1487500 -890000
-1487500 -891000
-1487000 -891500
-1486000 -891500
-1485500 -891000
-1485000 -890500
-1484000 -890500
-1483000 -890500
-1482000 -890500
-1481000 -890500
-1480000 -890500
-1479000 -890500
-1478000 -890500
-1477000 -890500
-1476500 -890000
-1476000 -889500
-1475500 -889000
-1475000 -888500
-1474000 -888500
-1473500 -888000
-1473000 -887500
-1472500 -887000
-1472500 -886000
-1472500 -885000
-1472000 -884500
-1471500 -884000
-1471500 -883000
-1471000 -882500
-1470000 -882500
-1469000 -882500
-1468500 -883000
-1468000 -883500
-1467000 -883500
-1466500 -884000
-1466000 -884500
-1465500 -885000
-1465000 -885500
-1464500 -886000
-1464000 -886500
-1463500 -887000
-1463000 -887500
-1462000 -887500
-1461500 -888000
-1461000 -888500
-1460500 -889000
-1460000 -889500
-1459500 -890000
-1459000 -890500
-1458000 -890500
-1457500 -891000
-1457000 -891500
-1456500 -892000
-1456000 -892500
-1455000 -892500
-1454500 -893000
-1454000 -893500
-1453500 -894000
-1453500 -895000
-1453000 -895500
-1452000 -895500
-1451500 -896000
-1451000 -896500
-1450500 -897000
-1450000 -897500
-1449500 -898000
-1449000 -898500
-1448000 -898500
-1447000 -898500
-1446500 -899000
-1446000 -899500
-1445000 -899500
-1444500 -900000
-1444000 -900500
-1443500 -901000
-1443000 -901500
-1442500 -902000
-1442000 -902500
-1441500 -903000
-1441500 -904000
-1441500 -905000
-1442000 -905500
-1442500 -906000
-1442500 -907000
-1442000 -907500
-1441500 -908000
-1441500 -909000
-1441500 -910000
-1441500 -911000
-1441500 -912000
-1441500 -913000
-1441000 -913500
-1440500 -914000
-1440500 -915000
-1440500 -916000
-1440000 -916500
-1439500 -917000
-1439000 -917500
-1438500 -918000
-1438500 -919000
-1438000 -919500
-1437500 -920000
-1437500 -921000
-1438000 -921500
-1438500 -922000
-1438500 -923000
-1438000 -923500
-1437500 -924000
-1437500 -925000
-1437500 -926000
-1437500 -927000
-1437000 -927500
-1436500 -928000
-1436500 -929000
-1437000 -929500
-1437500 -930000
-1437500 -931000
-1438000 -931500
-1438500 -932000
-1438500 -933000
-1439000 -933500
-1439500 -934000
-1440000 -934500
-1440500 -935000
-1440500 -936000
-1441000 -936500
-1442000 -936500
-1442500 -937000
-1443000 -937500
-1443500 -938000
-1444000 -938500
-1445000 -938500
-1445500 -938000
-1446000 -937500
-1446500 -937000
-1447000 -936500
-1447500 -936000
-1448000 -935500
-1448500 -935000
-1449000 -934500
-1449500 -934000
-1450000 -933500
-1450500 -933000
-1451000 -932500
-1451500 -933000
-1452000 -933500
-1452500 -934000
-1452000 -934500
-1451500 -935000
-1452000 -935500
-1452500 -936000
-1452500 -937000
-1453000 -937500
-1453500 -937000
-1454000 -936500
-1454500 -937000
-1454500 -938000
-1454500 -939000
-1454500 -940000
-1455000 -940500
-1455500 -941000
-1455000 -941500
-1454500 -942000
-1455000 -942500
-1456000 -942500
-1457000 -942500
-1457500 -943000
-1457500 -944000
-1458000 -944500
-1459000 -944500
-1460000 -944500
-1460500 -945000
-1461000 -945500
-1461500 -945000
-1461500 -944000
-1462000 -943500
-1462500 -943000
-1463000 -942500
-1463500 -942000
-1464000 -941500
-1464500 -942000
-1464500 -943000
-1465000 -943500
-1465500 -943000
-1466000 -942500
-1467000 -942500
-1467500 -943000
-1468000 -943500
-1469000 -943500
-1469500 -944000
-1470000 -944500
-1471000 -944500
-1471500 -945000
-1471500 -946000
-1472000 -946500
-1472500 -946000
-1473000 -945500
-1473500 -945000
-1474000 -944500
-1475000 -944500
-1476000 -944500
-1477000 -944500
-1477500 -944000
-1478000 -943500
-1479000 -943500
-1480000 -943500
-1480500 -943000
-1481000 -942500
-1482000 -942500
-1482500 -942000
-1483000 -941500
-1484000 -941500
-1484500 -941000
-1485000 -940500
-1486000 -940500
-1486500 -941000
-1486500 -942000
-1486500 -943000
-1486000 -943500
-1485500 -944000
-1485500 -945000
-1485000 -945500
-1484500 -946000
-1484000 -946500
-1483500 -947000
-1483000 -947500
-1482500 -948000
-1482500 -949000
-1482500 -950000
-1482500 -951000
-1482500 -952000
-1482500 -953000
-1482000 -953500
-1481500 -954000
-1481000 -954500
-1480500 -955000
-1480500 -956000
-1480500 -957000
-1480000 -957500
-1479500 -958000
-1480000 -958500
-1480500 -959000
-1481000 -959500
-1481500 -960000
-1482000 -960500
-1482500 -961000
-1482500 -962000
-1482500 -963000
-1482000 -963500
-1481500 -964000
-1481500 -965000
-1481000 -965500
-1480500 -966000
-1480000 -966500
-1479000 -966500
-1478500 -967000
-1478000 -967500
-1477500 -968000
-1477000 -968500
-1476500 -969000
-1476000 -969500
-1475500 -970000
-1475500 -971000
-1476000 -971500
-1477000 -971500
-1477500 -971000
-1478000 -970500
-1479000 -970500
-1479500 -970000
-1480000 -969500
-1481000 -969500
-1481500 -970000
-1481500 -971000
-1481500 -972000
-1482000 -972500
-1482500 -973000
-1483000 -973500
-1483500 -974000
-1484000 -974500
-1485000 -974500
-1486000 -974500
-1487000 -974500
-1488000 -974500
-1489000 -974500
-1490000 -974500
-1490500 -975000
-1491000 -975500
-1492000 -975500
-1493000 -975500
-1494000 -975500
-1494500 -975000
-1495000 -974500
-1495500 -974000
-1496000 -973500
-1496500 -973000
-1497000 -972500
-1497500 -972000
-1497500 -971000
-1497500 -970000
-1498000 -969500
-1498500 -969000
-1499000 -968500
-1499500 -968000
-1499500 -967000
-1500000 -966500
-1500500 -966000
-1501000 -965500
-1501500 -965000
-1501500 -964000
-1502000 -963500
-1502500 -963000
-1503000 -962500
-1503500 -962000
-1503500 -961000
-1504000 -960500
-1504500 -960000
-1505000 -959500
-1506000 -959500
-1506500 -959000
-1506500 -958000
-1507000 -957500
-1507500 -957000
-1508000 -956500
-1508500 -956000
-1508500 -955000
-1508500 -954000
-1509000 -953500
-1509500 -953000
-1509500 -952000
-1509500 -951000
-1509500 -950000
-1509500 -949000
-1509500 -948000
-1509500 -947000
-1509500 -946000
-1509500 -945000
-1509500 -944000
-1509500 -943000
-1509500 -942000
-1509500 -941000
-1510000 -940500
-1510500 -940000
-1511000 -939500
-1511500 -939000
-1512000 -938500
-1512500 -938000
-1512500 -937000
-1512500 -936000
-1513000 -935500
-1513500 -935000
-1514000 -934500
-1514500 -934000
-1514500 -933000
-1514500 -932000
-1514500 -931000
-1514500 -930000
-1514500 -929000
-1514500 -928000
-1514500 -927000
-1515000 -926500
-1515500 -926000
-1515500 -925000
-1516000 -924500
-1516500 -924000
-1517000 -923500
-1518000 -923500
-1518500 -923000
-1518500 -922000
-1519000 -921500
-1519500 -921000
-1519000 -920500
-1518500 -920000
-1518500 -919000
-1518500 -918000
-1518500 -917000
-1519000 -916500
-1519500 -916000
-1520000 -915500
-1520500 -915000
-1521000 -914500
-1522000 -914500
-1522500 -914000
-1522500 -913000
-1523000 -912500
-1523500 -912000
-1523500 -911000
-1524000 -910500
-1524500 -910000
-1525000 -909500
-1525500 -909000
-1525500 -908000
-1525500 -907000
-1526000 -906500
-1526500 -906000
-1527000 -905500
-1528000 -905500
-1528500 -905000
-1529000 -904500
-1529500 -904000
-1530000 -903500
-1530500 -903000
-1530500 -902000
-1530500 -901000
-1530500 -900000
-1530500 -899000
-1530500 -898000
-1530000 -897500
-1529500 -897000
-1529000 -896500
-1528500 -896000
-1528000 -895500
-1527500 -895000
-1527000 -894500
-1526000 -894500
-1525500 -894000
-1525000 -893500
-1524500 -894000
-1524000 -894500
-1523000 -894500
-1522000 -894500
-1521500 -895000
-1521000 -895500
-1520000 -895500
-1519000 -895500
-1518500 -895000
-1518000 -894500
-1517500 -894000
-1517000 -893500
-1516500 -893000
-1516500 -892000
-1516500 -891000
-1517000 -890500
-1517500 -890000
-1517500 -889000
-1517500 -888000
-1518000 -887500
-1518500 -887000
-1518500 -886000
-1518000 -885500
-1517000 -885500
-1516000 -885500
-1515500 -885000
-1515000 -884500
-1514500 -884000
-1514500 -883000
-1514000 -882500
-1513500 -882000
-1513000 -881500
-1512000 -881500
-1511000 -881500
-1510000 -881500
-1509000 -881500
-1508500 -882000
-1508500 -883000
-1508000 -883500
-1507000 -883500
-1506000 -883500
-1505000 -883500
-1504500 -884000
-1504000 -884500
-1503000 -884500
-1502000 -884500
-1501000 -884500
-1500500 -885000
-1500000 -885500
-1499500 -886000
-1499000 -886500
-1498000 -886500
-1497000 -886500
-1496000 -886500
-1495000 -886500
-1494000 -886500
-1493500 -886000
-1493000 -885500
-1492000 -885500
-1491500 -885000
-1491000 -884500
-1490500 -884000
-1490000 -883500
-1489500 -883000
-1489500 -882000
-1489000 -881500
-1488500 -881000
-1488500 -880000
-1488000 -879500
-1487500 -879000
-1487000 -878500
