-1875000 -23500
-1874000 -23500
-1873000 -23500
-1872000 -23500
-1871000 -23500
-1870000 -23500
-1869000 -23500
-1868000 -23500
-1867000 -23500
-1866000 -23500
-1865000 -23500
-1864000 -23500
-1863500 -24000
-1863000 -24500
-1862500 -25000
-1862000 -25500
-1861500 -26000
-1861000 -26500
-1860500 -26000
-1860000 -25500
-1859000 -25500
-1858000 -25500
-1857000 -25500
-1856500 -26000
-1856000 -26500
-1855000 -26500
-1854500 -27000
-1854000 -27500
-1853500 -28000
-1853500 -29000
-1853000 -29500
-1852500 -29000
-1852000 -28500
-1851500 -29000
-1851000 -29500
-1850500 -29000
-1850000 -28500
-1849500 -29000
-1849000 -29500
-1848000 -29500
-1847500 -30000
-1847000 -30500
-1846500 -31000
-1846000 -31500
-1845000 -31500
-1844500 -32000
-1844500 -33000
-1844000 -33500
-1843500 -34000
-1843000 -34500
-1842500 -35000
-1842000 -35500
-1841500 -36000
-1841500 -37000
-1841000 -37500
-1840500 -38000
-1840500 -39000
-1840000 -39500
-1839500 -40000
-1839000 -40500
-1838500 -41000
-1838500 -42000
-1838000 -42500
-1837500 -43000
-1837500 -44000
-1837000 -44500
-1836500 -45000
-1837000 -45500
-1837500 -46000
-1837000 -46500
-1836500 -47000
-1837000 -47500
-1837500 -48000
-1838000 -48500
-1839000 -48500
-1840000 -48500
-1841000 -48500
-1842000 -48500
-1843000 -48500
-1844000 -48500
-1844500 -48000
-1845000 -47500
-1845500 -48000
-1846000 -48500
-1847000 -48500
-1847500 -48000
-1848000 -47500
-1848500 -48000
-1849000 -48500
-1849500 -48000
-1850000 -47500
-1851000 -47500
-1852000 -47500
-1853000 -47500
-1854000 -47500
-1855000 -47500
-1856000 -47500
-1857000 -47500
-1858000 -47500
-1858500 -47000
-1859000 -46500
-1859500 -47000
-1860000 -47500
-1861000 -47500
-1862000 -47500
-1863000 -47500
-1864000 -47500
-1865000 -47500
-1865500 -47000
-1866000 -46500
-1866500 -46000
-1867000 -45500
-1868000 -45500
-1868500 -45000
-1869000 -44500
-1870000 -44500
-1871000 -44500
-1872000 -44500
-1873000 -44500
-1873500 -45000
-1874000 -45500
-1875000 -45500
-1876000 -45500
-1876500 -46000
-1877000 -46500
-1878000 -46500
-1878500 -47000
-1879000 -47500
-1879500 -48000
-1880000 -48500
-1881000 -48500
-1881500 -49000
-1882000 -49500
-1883000 -49500
-1883500 -50000
-1884000 -50500
-1884500 -51000
-1885000 -51500
-1885500 -52000
-1886000 -52500
-1887000 -52500
-1888000 -52500
-1889000 -52500
-1890000 -52500
-1891000 -52500
-1892000 -52500
-1893000 -52500
-1894000 -52500
-1894500 -53000
-1895000 -53500
-1895500 -53000
-1896000 -52500
-1896500 -53000
-1897000 -53500
-1898000 -53500
-1898500 -54000
-1899000 -54500
-1900000 -54500
-1900500 -55000
-1901000 -55500
-1902000 -55500
-1903000 -55500
-1904000 -55500
-1904500 -55000
-1904500 -54000
-1905000 -53500
-1906000 -53500
-1907000 -53500
-1907500 -53000
-1907500 -52000
-1907500 -51000
-1908000 -50500
-1908500 -50000
-1909000 -49500
-1909500 -49000
-1909500 -48000
-1909500 -47000
-1909500 -46000
-1910000 -45500
-1910500 -45000
-1911000 -44500
-1911500 -44000
-1911500 -43000
-1911500 -42000
-1911500 -41000
-1911500 -40000
-1911500 -39000
-1911500 -38000
-1911500 -37000
-1911000 -36500
-1910500 -36000
-1910000 -35500
-1909500 -35000
-1909500 -34000
-1909500 -33000
-1909500 -32000
-1909000 -31500
-1908500 -31000
-1908500 -30000
-1908000 -29500
-1907500 -29000
-1907000 -28500
-1906500 -28000
-1906500 -27000
-1906000 -26500
-1905500 -27000
-1905000 -27500
-1904000 -27500
-1903500 -27000
-1903000 -26500
-1902500 -26000
-1902000 -25500
-1901500 -26000
-1901000 -26500
-1900500 -26000
-1900000 -25500
-1899000 -25500
-1898000 -25500
-1897000 -25500
-1896500 -25000
-1896000 -24500
-1895500 -25000
-1895000 -25500
-1894500 -25000
-1894000 -24500
-1893000 -24500
-1892500 -25000
-1892000 -25500
-1891500 -25000
-1891000 -24500
-1890500 -25000
-1890000 -25500
-1889500 -25000
-1889000 -24500
-1888500 -25000
-1888000 -25500
-1887000 -25500
-1886000 -25500
-1885500 -26000
-1885000 -26500
-1884000 -26500
-1883500 -27000
-1883000 -27500
-1882000 -27500
-1881500 -28000
-1881000 -28500
-1880500 -29000
-1880000 -29500
-1879500 -29000
-1879500 -28000
-1880000 -27500
-1880500 -27000
-1880500 -26000
-1880500 -25000
-1880000 -24500
-1879000 -24500
-1878000 -24500
-1877000 -24500
-1876000 -24500
-1875500 -24000
-1875000 -23500
